1542237921 1.1
1542237923 9.33
1542237925 7.46
1542237927 5.55
1542237929 8.83
1542237931 5.81
1542237933 8.2
1542237935 5.26
1542237937 4.29
1542237939 8.66
1542237941 9.44
1542237943 7.19
1542237945 8.58
1542237947 9.9
1542237949 3.3
1542237951 3.52
1542237953 9.03
1542237955 5.08
1542237957 4.32
1542237959 5.2
1542237961 8.67
1542237963 3.2
1542237965 4.94
1542237967 6.85
1542237969 6.18
1542237971 6.95
1542237973 4.27
1542237975 9.31
1542237977 4.79
1542237979 2.06
1542237981 3.53
1542237983 1.91
1542237985 5.91
1542237987 1.43
1542237989 6.18
1542237991 1.64
1542237993 2.37
1542237995 9.33
1542237997 8.83
1542237999 4.78
1542238001 7.17
1542238003 1.4
1542238005 2.59
1542238007 1.29
1542238009 9.55
1542238011 7.55
1542238013 4.6
1542238015 3.51
1542238017 7.47
1542238019 8.61
1542238021 1.17
1542238023 9.72
1542238025 5.17
1542238027 2.64
1542238029 5.13
1542238031 9.65
1542238033 1.15
1542238035 6.7
1542238037 1.97
1542238039 7.04
1542238041 6.93
1542238043 3.95
1542238045 7.04
1542238047 9.09
1542238049 4.27
1542238051 6.86
1542238053 8.27
1542238055 5.49
1542238057 7.77
1542238059 7.05
1542238061 9.97
1542238063 8.01
1542238065 5.25
1542238067 5.74
1542238069 5.0
1542238071 8.4
1542238073 5.97
1542238075 4.09
1542238077 5.97
1542238079 1.37
1542238081 2.66
1542238083 7.16
1542238085 6.71
1542238087 5.34
1542238089 8.28
1542238091 2.81
1542238093 3.64
1542238095 2.17
1542238097 5.03
1542238099 9.3
1542238101 9.01
1542238103 8.98
1542238105 3.96
1542238107 8.66
1542238109 2.55
1542238111 2.0
1542238113 8.28
1542238115 1.77
1542238117 1.81
1542238119 1.52
1542238121 9.93
1542238123 6.51
1542238125 9.66
1542238127 7.24
1542238129 2.08
1542238131 9.29
1542238133 7.96
1542238135 7.63
1542238137 9.23
1542238139 4.67
1542238141 4.34
1542238143 7.54
1542238145 5.24
1542238147 7.43
1542238149 6.17
1542238151 3.63
1542238153 7.39
1542238155 5.22
1542238157 5.77
1542238159 2.8
1542238161 8.28
1542238163 2.92
1542238165 8.56
1542238167 5.82
1542238169 4.73
1542238171 8.12
1542238173 1.47
1542238175 4.14
1542238177 1.89
1542238179 9.29
1542238181 6.84
1542238183 5.86
1542238185 4.95
1542238187 4.48
1542238189 1.78
1542238191 5.51
1542238193 5.6
1542238195 8.7
1542238197 9.32
1542238199 3.36
1542238201 7.45
1542238203 7.81
1542238205 7.33
1542238207 4.06
1542238209 6.63
1542238211 3.5
1542238213 5.54
1542238215 8.04
1542238217 7.0
1542238219 8.25
1542238221 4.84
1542238223 7.01
1542238225 2.97
1542238227 7.33
1542238229 9.49
1542238231 4.84
1542238233 5.37
1542238235 9.18
1542238237 4.38
1542238239 8.64
1542238241 6.77
1542238243 3.68
1542238245 9.18
1542238247 8.7
1542238249 5.16
1542238251 8.66
1542238253 4.17
1542238255 2.73
1542238257 5.67
1542238259 5.92
1542238261 3.77
1542238263 8.38
1542238265 2.47
1542238267 9.82
1542238270 8.65
1542238272 8.19
1542238274 9.67
1542238276 1.97
1542238278 7.38
1542238280 7.44
1542238282 6.36
1542238284 5.65
1542238286 2.76
1542238288 7.63
1542238290 5.4
1542238292 1.47
1542238294 2.55
1542238296 7.01
1542238298 7.58
1542238300 3.49
1542238302 6.32
1542238304 7.61
1542238306 2.83
1542238308 2.08
1542238310 6.17
1542238312 2.14
1542238314 8.81
1542238316 3.24
1542238318 5.46
1542238320 4.72
1542238322 4.79
1542238324 2.04
1542238326 1.97
1542238328 5.26
1542238330 5.58
1542238332 8.33
1542238334 7.42
1542238336 1.35
1542238338 6.23
1542238340 7.13
1542238342 3.84
1542238344 3.74
1542238346 5.06
1542238348 4.86
1542238350 7.85
1542238352 9.42
1542238354 3.81
1542238356 5.86
1542238358 5.49
1542238360 9.6
1542238362 1.69
1542238364 8.06
1542238366 5.39
1542238368 9.48
1542238370 5.44
1542238372 3.57
1542238374 5.83
1542238376 3.37
1542238378 6.01
1542238380 3.63
1542238382 5.42
1542238384 6.75
1542238386 8.72
1542238388 4.25
1542238390 9.16
1542238392 2.67
1542238394 5.42
1542238396 7.73
1542238398 8.65
1542238400 4.99
1542238402 5.45
1542238404 6.34
1542238406 2.62
1542238408 6.11
1542238410 1.91
1542238412 8.48
1542238414 7.54
1542238416 7.48
1542238418 3.0
1542238420 7.41
1542238422 4.65
1542238424 9.12
1542238426 6.65
1542238428 1.26
1542238430 9.21
1542238432 5.2
1542238434 2.35
1542238436 7.51
1542238438 2.68
1542238440 5.01
1542238442 4.93
1542238444 6.62
1542238446 9.74
1542238448 1.16
1542238450 8.94
1542238452 7.22
1542238454 9.71
1542238456 7.88
1542238458 5.33
1542238460 4.13
1542238462 5.95
1542238464 5.56
1542238466 1.61
1542238468 1.43
1542238470 7.06
1542238472 1.45
1542238474 1.84
1542238476 3.13
1542238478 9.66
1542238480 7.47
1542238482 6.2
1542238484 8.65
1542238486 6.52
1542238488 3.18
1542238490 6.61
1542238492 2.98
1542238494 5.28
1542238496 9.5
1542238498 6.54
1542238500 5.09
1542238502 9.73
1542238504 9.49
1542238506 5.8
1542238508 5.77
1542238510 3.16
1542238512 2.98
1542238514 5.96
1542238516 2.02
1542238518 8.62
1542238520 8.4
1542238522 7.36
1542238524 2.85
1542238526 6.23
1542238528 3.64
1542238530 1.76
1542238532 7.77
1542238534 5.27
1542238536 9.29
1542238538 8.82
1542238540 9.92
1542238542 1.85
1542238544 5.61
1542238546 2.33
1542238548 9.49
1542238550 1.68
1542238552 4.39
1542238554 7.89
1542238556 7.64
1542238558 8.94
1542238560 6.21
1542238562 5.13
1542238564 1.32
1542238566 1.48
1542238568 2.94
1542238570 3.86
1542238572 3.12
1542238574 6.04
1542238576 7.63
1542238578 2.34
1542238580 3.91
1542238582 1.32
1542238584 8.75
1542238586 8.39
1542238588 7.58
1542238590 6.68
1542238592 6.71
1542238594 5.9
1542238596 5.54
1542238598 5.8
1542238600 8.85
1542238602 3.79
1542238604 5.1
1542238606 8.01
1542238608 5.18
1542238610 8.86
1542238612 8.63
1542238614 4.56
1542238616 4.69
1542238618 2.56
1542238620 3.21
1542238622 4.18
1542238624 7.28
1542238626 8.04
1542238628 6.78
1542238630 7.55
1542238632 9.07
1542238634 5.3
1542238636 2.13
1542238638 2.1
1542238640 2.22
1542238642 7.83
1542238644 4.34
1542238646 9.84
1542238648 7.39
1542238650 1.65
1542238652 9.47
1542238654 6.14
1542238656 9.79
1542238658 8.21
1542238660 7.15
1542238662 3.81
1542238664 1.28
1542238666 1.93
1542238668 1.48
1542238670 9.34
1542238672 6.6
1542238674 6.51
1542238676 2.31
1542238678 6.6
1542238680 2.16
1542238682 6.51
1542238684 5.61
1542238686 7.91
1542238688 7.29
1542238690 2.8
1542238692 6.5
1542238694 9.17
1542238696 1.05
1542238698 1.53
1542238700 2.83
1542238702 4.61
1542238704 3.66
1542238706 6.44
1542238708 3.05
1542238710 5.01
1542238712 3.56
1542238714 7.91
1542238716 9.57
1542238718 1.93
1542238720 1.88
1542238722 5.89
1542238724 8.06
1542238726 4.06
1542238728 4.84
1542238730 3.92
1542238732 5.56
1542238734 8.59
1542238736 9.7
1542238738 3.87
1542238740 8.18
1542238742 7.31
1542238744 5.96
1542238746 1.24
1542238748 9.05
1542238750 5.84
1542238752 2.31
1542238754 9.95
1542238756 1.71
1542238758 3.91
1542238760 6.2
1542238762 4.78
1542238764 8.96
1542238766 1.13
1542238768 7.27
1542238770 5.89
1542238772 4.68
1542238774 5.98
1542238776 2.55
1542238778 5.38
1542238780 7.7
1542238782 3.38
1542238784 1.02
1542238786 7.55
1542238788 5.38
1542238790 1.16
1542238792 7.43
1542238794 5.43
1542238796 9.77
1542238798 2.41
1542238800 4.32
1542238802 7.24
1542238804 5.04
1542238806 8.13
1542238808 9.69
1542238810 1.5
1542238812 4.0
1542238814 4.76
1542238816 2.56
1542238818 6.5
1542238820 5.36
1542238822 6.81
1542238824 5.81
1542238826 6.53
1542238828 7.8
1542238830 7.12
1542238832 4.1
1542238834 8.19
1542238836 6.4
1542238838 1.6
1542238840 8.06
1542238842 8.45
1542238844 9.27
1542238846 2.8
1542238848 2.72
1542238850 4.89
1542238852 7.67
1542238854 1.73
1542238856 2.1
1542238858 6.79
1542238860 5.83
1542238862 5.13
1542238864 1.06
1542238866 1.67
1542238868 5.33
1542238870 8.02
1542238872 4.08
1542238874 9.48
1542238877 9.08
1542238879 6.34
1542238881 8.46
1542238883 7.8
1542238885 6.7
1542242486 1.48
1542242488 6.18
1542255307 8.22
1542255309 8.09
1542255311 6.9
1542262506 8.99
1542262508 7.2
1542272026 7.36
1542272028 6.73
1542272030 7.64
1542272032 2.25
1542272036 2.02
1542272038 1.21
1542272040 4.28
1542272042 6.24
1542272044 1.91
1542272046 8.06
1542272048 6.41
1542272050 5.48
1542272052 8.13
1542272054 5.45
1542272056 8.26
1542272058 5.13
1542272060 7.7
1542272062 6.37
1542272064 6.43
1542272066 2.65
1542272068 6.48
1542272070 9.45
1542272072 5.49
1542272074 6.16
1542272076 9.52
1542272078 9.63
1542273239 8.96
1542273241 5.18
1542273243 6.02
1542273245 4.41
1542273247 4.19
1542273249 9.48
1542273251 7.27
1542273253 5.54
1542273255 9.14
1542277996 1.6
1542277998 2.34
1542278000 7.48
1542278002 2.81
1542278004 5.22
1542278006 4.77
1542278008 9.24
1542278010 4.18
1542278012 1.57
1542278016 9.92
1542278018 9.29
1542278020 8.71
1542278022 4.57
1542278024 2.09
1542278026 5.36
1542278028 8.46
1542278030 3.78
1542278032 8.97
1542278034 2.04
1542278036 2.63
1542278038 6.93
1542278040 5.79
1542278042 3.28
1542278044 9.33
1542278046 6.49
1542278048 6.06
1542278050 4.37
1542278052 6.42
1542278054 6.83
1542278056 9.09
1542278058 3.32
1542278060 2.32
1542278062 1.61
1542278064 9.27
1542278066 1.59
1542278068 3.31
1542278070 3.03
1542278072 4.26
1542278074 3.82
1542278076 4.65
1542278078 9.27
1542278080 5.9
1542278082 4.7
1542278084 8.29
1542278086 9.21
1542278088 9.37
1542278090 4.39
1542278092 3.42
1542278094 6.29
1542278096 6.02
1542278098 9.61
1542278100 1.19
1542278102 3.45
1542278104 2.25
1542278106 9.13
1542278108 6.87
1542278110 1.96
1542278112 6.69
1542278114 6.49
1542278116 6.49
1542278118 2.04
1542278120 3.91
1542278122 2.18
1542278124 8.11
1542278126 3.52
1542278128 1.23
1542278130 6.35
1542278132 9.91
1542278134 3.97
1542278136 5.54
1542278138 2.69
1542278140 6.84
1542278142 6.04
1542278144 1.36
1542278146 2.06
1542278148 2.43
1542278150 8.81
1542278152 8.9
1542278154 1.01
1542278156 3.07
1542278158 9.7
1542278160 7.66
1542278162 8.02
1542278164 5.01
1542278166 6.77
1542278168 5.84
1542278170 7.03
1542278172 8.96
1542278174 7.9
1542278176 1.55
1542278178 9.14
1542278180 5.92
1542278182 6.9
1542278184 6.06
1542278186 1.56
1542278188 4.83
1542278190 3.51
1542278192 5.25
1542278194 1.92
1542278196 4.7
1542278198 4.45
1542278200 5.41
1542278202 9.97
1542278204 7.85
1542278206 6.65
1542278208 1.94
1542278210 5.09
1542278212 1.68
1542278215 8.62
1542278217 7.54
1542278219 8.18
1542278221 2.49
1542278223 9.62
1542278225 6.59
1542278227 3.66
1542278229 4.14
1542278231 5.04
1542278233 3.77
1542278235 2.79
1542278237 4.45
1542278239 6.2
1542278241 9.92
1542278243 9.48
1542278245 6.96
1542278247 8.89
1542278249 1.77
1542278251 6.55
1542278253 2.27
1542278255 9.57
1542278257 3.83
1542278259 1.39
1542278261 1.8
1542278263 9.38
1542278265 8.18
1542278267 1.9
1542278269 5.82
1542278271 4.59
1542278273 1.35
1542278275 8.95
1542278277 6.87
1542278279 6.73
1542278281 3.98
1542278283 5.09
1542278283 8.36
1542278285 8.36
1542278287 6.5
1542278289 1.35
1542278291 9.69
1542278293 1.4
1542278295 4.83
1542278297 2.64
1542278299 9.85
1542278301 7.76
1542278303 4.35
1542278305 1.05
1542278307 3.72
1542278309 9.02
1542278311 5.07
1542278313 1.9
1542278315 4.26
1542278317 1.31
1542278319 6.4
1542278321 1.73
1542278323 5.83
1542278325 1.28
1542278327 7.2
1542278329 6.62
1542278331 7.71
1542278333 7.17
1542278335 6.83
1542278337 8.67
1542282560 4.28
1542282562 7.57
1542282564 3.27
1542282566 9.62
1542282568 3.7
1542282570 3.03
1542282572 4.6
1542282574 7.1
1542282576 7.13
1542282578 1.15
1542282580 5.86
1542282582 4.09
1542282584 8.27
1542282586 6.5
1542282588 4.58
1542282590 9.34
1542282592 1.27
1542282594 4.72
1542282596 1.69
1542282598 3.78
1542282600 5.68
1542282602 5.72
1542282604 6.66
1542282607 9.14
1542282609 2.77
1542282611 8.47
1542282613 9.88
1542282615 9.88
1542282617 4.88
1542282619 6.49
1542282621 3.19
1542282623 3.04
1542282625 3.82
1542282627 6.11
1542282629 1.28
1542282631 6.18
1542282633 2.02
1542282635 1.3
1542282637 8.93
1542282639 5.78
1542282641 5.41
1542282643 9.69
1542282645 7.2
1542282647 3.76
1542282649 3.46
1542282651 6.61
1542282653 6.54
1542282655 9.86
1542282657 2.43
1542282659 3.34
1542282661 3.56
1542282663 2.88
1542282665 1.28
1542282667 8.57
1542282669 1.57
1542282671 1.76
1542282673 1.41
1542282675 8.45
1542282677 6.23
1542282679 5.66
1542282681 6.03
1542282683 1.33
1542282685 4.6
1542282687 2.97
1542282689 5.34
1542282691 4.1
1542282693 4.04
1542282695 3.62
1542282697 5.79
1542282699 1.35
1542282701 8.48
1542282703 6.33
1542282705 7.48
1542282707 4.33
1542282709 5.34
1542282711 9.61
1542282713 8.74
1542282715 8.98
1542282717 2.22
1542282719 4.92
1542282721 5.68
1542282723 7.76
1542282725 3.73
1542282727 5.1
1542282729 8.67
1542282731 8.22
1542282733 9.17
1542282735 4.25
1542282737 2.6
1542282739 3.74
1542282741 9.41
1542282743 2.25
1542282745 2.36
1542282747 5.98
1542282749 2.49
1542282751 5.85
1542282753 7.69
1542282755 8.11
1542282757 1.9
1542282759 8.7
1542282761 5.99
1542282763 8.85
1542282765 7.47
1542282767 7.63
1542282769 3.75
1542282771 6.91
1542282773 5.98
1542282775 2.04
1542282777 2.77
1542282779 1.27
1542282781 6.21
1542282783 1.92
1542282785 6.8
1542282787 2.13
1542282789 3.48
1542282791 7.11
1542282793 7.0
1542282795 7.59
1542282797 9.07
1542282799 9.46
1542282801 5.85
1542282803 9.32
1542282805 4.26
1542282807 7.48
1542282809 8.12
1542282811 3.81
1542282813 5.52
1542282815 9.99
1542282817 3.12
1542282819 1.03
1542282821 3.49
1542282823 8.83
1542282825 7.69
1542282827 9.71
1542282829 5.88
1542282831 2.72
1542282833 1.54
1542282835 3.65
1542282837 6.87
1542282839 1.03
1542282841 1.87
1542282843 1.23
1542282845 1.13
1542282847 5.81
1542282849 1.71
1542282851 8.97
1542282853 4.67
1542282855 6.63
1542282857 7.36
1542282859 9.07
1542282861 9.56
1542282863 4.84
1542282865 9.22
1542282867 9.07
1542282869 1.51
1542282871 5.03
1542282873 8.36
1542282875 2.38
1542282877 1.41
1542282879 6.87
1542282881 6.2
1542282883 9.84
1542282885 8.17
1542282887 2.5
1542282889 6.85
1542282891 9.1
1542282893 4.64
1542282895 4.7
1542282897 1.27
1542282899 1.67
1542282901 7.72
1542282903 2.01
1542282905 3.06
1542282907 5.04
1542282909 5.56
1542282911 5.37
1542282913 5.81
1542282915 10.0
1542282917 7.12
1542282919 6.8
1542282921 1.05
1542282923 7.34
1542282925 7.03
1542282927 8.87
1542282929 4.97
1542282931 6.84
1542282933 6.45
1542282935 4.98
1542282937 1.67
1542282939 8.78
1542282941 1.15
1542282943 1.43
1542282945 5.7
1542282947 1.91
1542282949 6.79
1542282951 7.86
1542282953 8.95
1542282955 4.73
1542282957 5.83
1542282959 3.97
1542282961 5.96
1542282963 7.18
1542282965 2.04
1542282967 3.51
1542282969 4.78
1542282971 1.35
1542282973 5.98
1542282975 9.33
1542282977 9.92
1542293215 7.03
1542293217 1.69
1542293219 3.53
1542293221 8.84
1542293223 5.23
1542293225 3.47
1542293227 7.68
1542293229 4.97
1542293232 4.08
1542293234 5.33
1542293236 9.71
1542293238 2.13
1542293240 7.86
1542293242 3.61
1542293244 9.67
1542293246 6.68
1542293248 8.04
1542293250 9.7
1542293252 9.94
1542293254 9.72
1542293256 5.81
1542369187 8.04
1542369189 8.07
1542369191 8.2
1542369193 6.52
1542369195 5.59
1542369197 2.09
1542369199 4.46
1542369201 8.7
1542369203 2.53
1542369205 5.31
1542369207 2.15
1542369209 2.04
1542369211 3.4
1542369213 8.54
1542369215 5.51
1542369217 1.03
1542369219 8.21
1542369221 7.16
1542369223 2.25
1542369225 7.4
1542369227 6.31
1542369229 4.43
1542369231 2.12
1542369233 2.58
1542369235 8.28
1542369237 2.45
1542369239 1.53
1542369241 2.86
1542369243 5.8
1542369245 5.76
1542369247 8.68
1542369249 2.56
1542369251 7.15
1542369253 6.42
1542369255 9.74
1542369257 9.89
1542369259 8.27
1542369261 8.54
1542369263 4.64
1542369265 7.26
1542369267 5.42
1542369269 5.61
1542369271 7.4
1542369273 5.07
1542369275 9.1
1542369277 6.31
1542369279 8.96
1542369281 9.82
1542369283 3.1
1542369285 1.41
1542369287 8.05
1542369289 4.95
1542369291 1.41
1542369293 1.74
1542369295 8.13
1542369297 5.87
1542369299 1.82
1542369301 9.47
1542369303 6.95
1542369305 6.05
1542369307 7.17
1542369309 1.74
1542369311 6.47
1542369313 2.65
1542369315 9.47
1542369317 9.82
1542369319 5.92
1542369321 4.44
1542369324 7.15
1542369326 2.11
1542369328 1.25
1542369330 6.7
1542369332 8.75
1542369334 8.65
1542369336 8.81
1542369338 2.27
1542369340 2.95
1542369342 9.49
1542369344 7.27
1542369346 2.6
1542369348 6.46
1542369350 5.25
1542369352 8.77
1542369354 8.85
1542369356 9.73
1542369358 6.62
1542369360 7.98
1542369362 1.29
1542369364 9.7
1542369366 8.41
1542369368 3.21
1542369370 8.93
1542369372 5.64
1542369374 5.52
1542369376 5.41
1542369378 8.17
1542369380 5.9
1542369382 9.72
1542369384 5.08
1542369386 9.2
1542369388 8.09
1542369390 2.13
1542369392 9.98
1542369394 2.67
1542369396 3.13
1542369398 9.95
1542369400 4.69
1542369402 1.55
1542369404 5.12
1542369406 9.61
1542369408 2.54
1542369410 9.26
1542369412 9.71
1542369414 1.28
1542369416 6.24
1542369418 1.74
1542369420 1.49
1542369422 1.72
1542369424 7.79
1542369426 5.85
1542369428 7.68
1542369430 7.83
1542369433 2.19
1542369435 8.34
1542369437 7.64
1542369439 1.82
1542369441 6.91
1542369443 9.67
1542369445 1.97
1542369447 8.59
1542369449 8.43
1542369451 1.72
1542369453 5.4
1542369455 4.79
1542369457 1.55
1542369459 3.18
1542369461 6.68
1542369463 4.31
1542369465 5.5
1542369467 7.69
1542369469 1.65
1542369471 2.16
1542369473 9.35
1542369475 1.23
1542369477 9.89
1542369479 5.81
1542369481 3.48
1542369483 9.75
1542369485 7.5
1542369487 7.09
1542369859 2.26
1542369861 3.83
1542369863 6.41
1542369865 3.31
1542369867 3.81
1542369869 3.78
1542369871 8.93
1542369873 6.8
1542369875 8.4
1542369877 6.34
1542369879 5.24
1542369880 1.71
1542369882 4.72
1542369884 5.81
1542369886 2.02
1542369888 9.41
1542369890 5.48
1542369892 4.44
1542369894 6.88
1542369896 9.34
1542369898 5.49
1542369900 5.62
1542369902 7.23
1542369904 7.26
1542369906 5.39
1542369908 8.5
1542369911 4.15
1542369913 5.82
1542369915 4.46
1542369917 8.31
1542369919 8.47
1542369921 9.95
1542369923 6.02
1542369925 2.64
1542369927 6.9
1542369929 8.86
1542369931 7.99
1542369933 8.76
1542369935 6.08
1542369937 9.29
1542369939 5.21
1542369941 6.86
1542369943 7.05
1542369945 1.17
1542369947 7.52
1542369949 7.37
1542369951 6.24
1542369953 3.68
1542369955 7.05
1542369957 2.76
1542369959 6.5
1542369961 3.42
1542369963 7.57
1542369965 8.38
1542369967 5.57
1542369969 8.0
1542369971 6.97
1542369973 7.88
1542369975 2.62
1542369977 1.15
1542369979 9.16
1542369981 7.26
1542369983 4.61
1542369985 8.63
1542369987 9.81
1542369989 1.01
1542369991 6.26
1542369993 5.3
1542369995 4.09
1542369997 2.76
1542369999 5.13
1542370001 5.9
1542370003 4.16
1542370005 6.44
1542370007 3.05
1542370009 1.63
1542370011 7.1
1542370013 2.7
1542370015 1.4
1542370017 3.46
1542370019 9.71
1542370021 9.4
1542370023 3.47
1542370025 2.84
1542370027 2.23
1542370029 3.98
1542370031 8.86
1542370033 8.97
1542370035 8.27
1542370037 9.88
1542370039 8.67
1542370041 6.7
1542370043 7.56
1542370045 9.97
1542370047 1.56
1542370049 2.36
1542370051 5.7
1542370053 1.39
1542370055 9.26
1542370057 8.33
1542370059 1.15
1542370061 7.19
1542370063 6.7
1542370065 4.35
1542370067 2.49
1542370069 3.52
1542370071 8.97
1542370073 4.22
1542370075 9.09
1542370077 1.14
1542370079 1.82
1542370081 9.42
1542370083 3.7
1542370085 1.8
1542370087 7.05
1542370089 2.25
1542370091 5.53
1542370093 5.3
1542370095 6.9
1542370097 6.57
1542370099 8.08
1542370101 3.2
1542370103 8.34
1542370105 7.61
1542370107 8.09
1542370109 7.88
1542370111 6.73
1542370113 7.31
1542370115 9.38
1542370117 5.76
1542370119 2.18
1542370121 8.37
1542370123 1.9
1542370125 7.91
1542370127 1.82
1542370129 3.42
1542370131 3.25
1542370133 8.67
1542370135 5.41
1542370137 7.56
1542370139 4.75
1542370141 7.58
1542370143 1.11
1542370145 3.28
1542370147 5.64
1542370149 5.14
1542370151 5.52
1542370153 8.02
1542370155 8.73
1542370157 3.09
1542370159 7.9
1542370161 2.68
1542370163 7.79
1542370165 3.35
1542370167 2.35
1542370169 8.1
1542370171 4.04
1542370173 9.2
1542370175 3.44
1542370177 5.3
1542370179 8.49
1542370181 9.91
1542370183 3.27
1542370185 2.31
1542370187 4.72
1542370189 7.02
1542370191 9.21
1542370193 8.98
1542370195 6.76
1542370197 8.66
1542370199 2.71
1542370201 9.11
1542370203 8.58
1542370205 7.82
1542370207 8.33
1542370209 3.97
1542370211 2.19
1542370213 6.22
1542370215 9.86
1542370217 4.47
1542370219 2.29
1542370221 7.16
1542370223 4.93
1542370225 5.45
1542370227 1.58
1542370229 2.06
1542370231 8.99
1542370233 2.0
1542370235 3.95
1542370237 6.91
1542370239 5.77
1542370241 2.56
1542370243 6.05
1542370245 6.4
1542370247 2.16
1542370249 4.38
1542370251 5.87
1542370253 9.57
1542370255 9.14
1542370257 7.24
1542370259 5.3
1542370261 1.49
1542370263 7.76
1542370265 3.1
1542370267 5.22
1542370269 4.96
1542370271 9.05
1542370273 4.78
1542370275 4.49
1542370277 1.72
1542370279 5.08
1542370281 9.66
1542370283 9.23
1542370285 6.16
1542370287 6.45
1542370289 9.18
1542370291 6.02
1542370293 9.32
1542370295 4.58
1542370297 7.37
1542370299 6.6
1542370301 5.2
1542370303 1.5
1542370305 8.32
1542370307 5.12
1542370309 2.23
1542370311 5.02
1542370313 4.89
1542370315 1.06
1542370317 7.75
1542370319 8.54
1542370321 5.47
1542370323 9.8
1542370325 3.26
1542370327 9.42
1542370329 4.8
1542370331 5.15
1542370333 3.19
1542370335 1.33
1542370337 8.61
1542370339 4.41
1542370341 3.74
1542370343 2.43
1542370345 1.79
1542370347 2.61
1542370349 8.77
1542370351 9.52
1542370353 9.47
1542370355 8.74
1542370357 3.63
1542370359 3.58
1542370361 2.42
1542370363 3.68
1542370365 5.01
1542370367 9.08
1542370369 4.31
1542370371 2.24
1542370373 7.83
1542370375 6.4
1542370377 4.35
1542370379 5.45
1542370381 3.31
1542370383 2.93
1542370385 3.78
1542370387 5.14
1542370389 1.7
1542370391 9.57
1542370393 4.81
1542370395 4.25
1542370397 4.39
1542370399 1.29
1542370401 6.11
1542370403 8.5
1542370405 3.19
1542370407 1.71
1542370409 7.3
1542370411 2.38
1542370413 6.02
1542370415 4.39
1542370417 8.88
1542370419 6.79
1542370421 2.0
1542370423 8.23
1542370425 4.45
1542370427 8.37
1542370429 4.05
1542370431 4.03
1542370433 6.95
1542370435 4.67
1542370437 7.87
1542370439 2.66
1542370441 8.66
1542370443 3.15
1542370445 5.35
1542370447 9.54
1542370449 2.49
1542370451 1.8
1542370453 5.77
1542370455 3.74
1542370457 6.86
1542370459 4.52
1542370461 3.8
1542370463 3.95
1542370465 9.79
1542370467 5.69
1542370469 4.46
1542370471 8.42
1542370473 8.95
1542370475 2.18
1542370477 4.31
1542370479 2.43
1542370481 9.55
1542370483 8.42
1542370485 6.85
1542370487 3.78
1542370489 5.09
1542370491 3.01
1542370493 4.36
1542370495 2.1
1542370497 2.1
1542370499 7.44
1542370501 1.48
1542370503 8.84
1542370505 6.81
1542370507 3.38
1542370509 7.94
1542370511 1.3
1542370513 2.71
1542370515 8.59
1542370517 6.84
1542370519 8.45
1542370521 9.61
1542370523 9.7
1542370525 3.11
1542370527 8.87
1542370529 1.7
1542370531 2.59
1542370533 9.53
1542370535 7.8
1542370537 9.58
1542370539 2.17
1542370541 3.96
1542370543 9.06
1542370545 1.59
1542370547 2.12
1542370549 3.05
1542370552 6.02
1542370554 3.96
1542370556 3.77
1542370558 9.33
1542370560 2.54
1542370562 7.21
1542370564 1.68
1542370566 7.38
1542370568 5.4
1542370570 6.79
1542370572 1.72
1542370574 3.73
1542370576 6.74
1542370578 5.81
1542370580 8.26
1542370582 8.53
1542370584 9.63
1542370586 5.81
1542370588 7.87
1542370590 3.64
1542370592 7.59
1542370594 7.04
1542370596 1.49
1542370598 6.93
1542370600 4.54
1542370602 4.31
1542370604 3.25
1542370606 8.08
1542370608 7.09
1542370610 1.44
1542370612 9.65
1542370614 1.59
1542370616 3.78
1542370618 6.93
1542370620 3.04
1542370622 7.74
1542370624 5.55
1542370626 8.57
1542370628 8.45
1542370630 4.48
1542370632 6.59
1542370634 1.85
1542370636 6.27
1542370638 5.15
1542370640 2.93
1542370642 4.3
1542370644 6.34
1542370646 8.51
1542370648 1.34
1542370650 6.14
1542370652 5.05
1542370654 7.96
1542370656 3.16
1542370658 3.44
1542370660 2.33
1542370662 3.75
1542370664 9.86
1542370666 9.73
1542370668 5.08
1542370670 6.49
1542370672 8.65
1542370674 8.84
1542370676 4.28
1542370678 9.57
1542370680 5.26
1542370682 1.95
1542370684 1.92
1542370686 2.98
1542370688 8.26
1542370690 6.99
1542370692 3.07
1542370694 4.97
1542370696 7.4
1542370698 4.21
1542370700 8.48
1542370702 2.61
1542370704 5.59
1542370706 3.6
1542370708 2.55
1542370710 4.24
1542370712 5.82
1542370714 9.52
1542370716 9.24
1542370718 7.11
1542370720 2.78
1542370722 9.33
1542370724 5.14
1542370726 3.11
1542370728 2.48
1542370730 8.52
1542370732 8.13
1542370734 7.96
1542370736 9.28
1542370738 2.05
1542370740 5.32
1542370742 6.45
1542370744 2.24
1542370746 8.94
1542370748 1.74
1542370750 7.46
1542370752 1.54
1542370754 1.06
1542370756 2.42
1542370758 9.07
1542370760 3.61
1542370762 5.84
1542370764 6.6
1542370766 3.29
1542370768 5.49
1542370770 3.76
1542370772 4.59
1542370774 9.37
1542370776 6.26
1542370778 4.3
1542370780 5.54
1542370782 1.12
1542370784 5.9
1542370786 2.43
1542370788 9.61
1542370790 3.59
1542370792 1.94
1542370794 8.55
1542370796 4.98
1542370798 6.29
1542370800 7.66
1542370802 7.24
1542370804 8.97
1542370806 5.75
1542370808 8.66
1542370810 6.53
1542370812 6.15
1542370814 8.2
1542370816 6.15
1542370818 8.45
1542370820 1.97
1542370822 9.49
1542370824 6.83
1542370826 2.85
1542370828 9.39
1542370830 6.85
1542370832 4.72
1542370834 8.02
1542370836 5.53
1542370838 5.01
1542370840 4.4
1542370842 1.99
1542370844 4.14
1542370846 3.66
1542370848 8.33
1542370850 3.95
1542370852 4.02
1542370854 7.92
1542370856 9.34
1542370858 6.62
1542370860 2.19
1542370862 3.68
1542370864 6.69
1542370866 5.64
1542370868 2.41
1542370870 5.01
1542370872 9.89
1542370874 4.0
1542370876 9.26
1542370878 7.01
1542370880 4.41
1542370882 5.66
1542370884 7.4
1542370886 7.99
1542370888 7.71
1542370890 1.61
1542370892 4.74
1542370894 6.52
1542370896 8.22
1542370898 4.0
1542370900 8.05
1542370902 7.7
1542370904 3.31
1542370906 1.49
1542370908 4.07
1542370910 9.18
1542370912 2.82
1542370914 7.4
1542370916 8.55
1542370918 3.94
1542370920 2.03
1542370922 8.35
1542370924 4.52
1542370926 9.67
1542370928 6.44
1542370930 6.51
1542370932 8.63
1542370934 4.93
1542370936 1.41
1542370938 5.6
1542370940 8.59
1542370942 5.45
1542370944 4.23
1542370946 9.57
1542370948 5.02
1542370950 6.16
1542370952 7.29
1542370954 1.98
1542370956 6.33
1542370958 2.8
1542370960 1.32
1542370962 1.17
1542370964 7.24
1542370966 4.12
1542370968 8.42
1542370970 6.93
1542370972 5.2
1542370974 8.8
1542370976 7.17
1542370978 5.05
1542370980 7.23
1542370982 7.94
1542370984 3.73
1542370986 5.94
1542370988 5.65
1542370990 6.01
1542370992 1.05
1542370994 5.13
1542370996 1.91
1542370998 9.15
1542371000 5.02
1542371002 2.02
1542371004 4.06
1542371006 4.22
1542371008 9.83
1542371010 8.27
1542371012 8.74
1542371014 6.8
1542371016 6.64
1542371018 4.15
1542371020 2.84
1542371022 4.65
1542371024 8.7
1542371026 8.22
1542371028 5.03
1542371030 5.59
1542371032 4.33
1542371034 9.71
1542371036 4.74
1542371038 2.88
1542371040 2.19
1542371042 5.35
1542371044 1.47
1542371046 5.0
1542371048 5.76
1542371050 3.38
1542371052 1.71
1542371054 5.65
1542371056 3.46
1542371058 8.3
1542371060 4.1
1542371062 6.3
1542371064 6.79
1542371066 4.64
1542371068 1.22
1542371070 5.51
1542371072 2.68
1542371074 5.4
1542371076 2.13
1542371078 9.96
1542371080 1.01
1542371082 5.63
1542371084 3.49
1542371086 1.31
1542371088 9.0
1542371090 6.84
1542371092 8.22
1542371094 6.4
1542371096 3.39
1542371098 5.16
1542371100 7.63
1542371102 9.12
1542371104 8.5
1542371106 5.62
1542371108 1.83
1542371110 1.69
1542371112 7.91
1542371114 8.36
1542371116 6.58
1542371118 9.8
1542371120 8.03
1542371122 9.34
1542371124 8.49
1542371126 1.64
1542371128 4.81
1542371130 4.08
1542371132 8.37
1542371134 4.38
1542371136 7.57
1542371138 4.97
1542371140 7.75
1542371142 8.99
1542371144 2.6
1542371146 4.83
1542371148 3.95
1542371150 1.57
1542371152 2.44
1542371154 5.12
1542371156 2.77
1542371158 7.41
1542371160 8.54
1542371162 7.63
1542371164 9.9
1542371166 3.21
1542371168 7.36
1542371170 7.86
1542371172 4.17
1542371174 7.28
1542371176 1.11
1542371178 2.73
1542371180 8.93
1542371182 9.48
1542371184 6.61
1542371186 6.33
1542371188 1.42
1542371190 4.27
1542371192 1.87
1542371194 2.32
1542371196 2.71
1542371198 3.37
1542371200 1.31
1542371202 4.16
1542371204 7.99
1542371206 3.15
1542371208 1.92
1542371210 3.28
1542371212 8.98
1542371214 2.22
1542371216 7.99
1542371218 7.45
1542371220 2.69
1542371222 1.78
1542371224 6.99
1542371226 6.85
1542371228 1.47
1542371230 1.23
1542371232 9.21
1542371235 4.22
1542371237 4.96
1542371239 7.71
1542371241 5.56
1542371243 4.28
1542371245 6.75
1542371247 2.05
1542371249 8.7
1542371251 3.38
1542371253 8.2
1542371255 7.8
1542371257 3.0
1542371259 3.86
1542371261 3.29
1542371263 2.56
1542371265 2.07
1542371267 5.96
1542371269 1.21
1542371271 1.9
1542371273 1.72
1542371275 2.79
1542371277 5.69
1542371279 6.92
1542371281 5.75
1542371283 4.34
1542371285 6.98
1542371287 6.42
1542371289 1.78
1542371291 4.52
1542371293 2.38
1542371295 6.68
1542371297 4.19
1542371299 9.39
1542371301 7.62
1542371303 1.84
1542371305 5.51
1542371307 5.15
1542371309 9.42
1542371311 8.47
1542371313 2.59
1542371315 6.74
1542371317 1.08
1542371319 7.05
1542371321 1.25
1542371323 9.38
1542371325 2.1
1542371327 7.37
1542371329 7.21
1542371331 1.79
1542371333 3.42
1542371335 6.56
1542371337 4.31
1542371339 4.63
1542371341 2.93
1542371343 2.95
1542371345 2.76
1542371347 4.34
1542371349 2.78
1542371351 3.31
1542371353 8.35
1542371355 3.83
1542371357 4.1
1542371359 4.25
1542371361 9.94
1542371363 5.54
1542371365 2.01
1542371367 4.94
1542371369 8.34
1542371371 5.5
1542371373 1.92
1542371375 5.66
1542371377 6.3
1542371379 3.97
1542371381 6.41
1542371383 1.34
1542371385 3.55
1542371387 6.27
1542371389 1.73
1542371391 1.5
1542371393 5.84
1542371395 4.78
1542371397 4.35
1542371399 8.35
1542371401 2.18
1542371403 7.28
1542371405 9.62
1542371407 2.71
1542371409 2.86
1542371411 6.29
1542371413 7.93
1542371415 4.38
1542371417 4.59
1542371419 9.54
1542371421 3.3
1542371423 9.77
1542371425 9.15
1542371427 5.88
1542371429 7.92
1542371431 9.23
1542371433 2.33
1542371435 5.31
1542371437 1.35
1542371439 3.5
1542371441 9.24
1542371443 5.75
1542371445 8.95
1542371447 8.18
1542371449 8.9
1542371451 7.62
1542371453 2.23
1542371455 8.09
1542371457 6.48
1542371459 5.12
1542371502 3.44
1542371504 5.95
1542371506 3.88
1542371508 1.96
1542371510 3.49
1542371512 2.88
1542371514 8.69
1542371516 5.61
1542371518 7.47
1542371520 5.5
1542371522 4.93
1542371524 7.34
1542371526 4.3
1542371528 3.99
1542371530 6.53
1542371532 1.28
1542371534 3.33
1542371536 6.56
1542371538 7.99
1542371540 3.31
1542371542 7.76
1542371544 9.15
1542371546 3.61
1542371548 4.27
1542371550 7.31
1542371552 8.56
1542371554 9.87
1542371556 3.07
1542371558 3.71
1542371560 4.54
1542371562 5.78
1542371564 3.09
1542371566 2.31
1542371568 2.53
1542371570 7.31
1542371572 4.42
1542371574 2.83
1542371576 6.19
1542371578 3.6
1542371580 9.96
1542371582 9.23
1542371584 1.54
1542371586 2.94
1542371588 7.08
1542371590 7.86
1542371592 5.46
1542371594 8.99
1542371596 4.93
1542371598 2.96
1542371600 2.2
1542371602 8.26
1542371604 4.65
1542371606 9.05
1542371608 1.1
1542371610 4.09
1542371612 9.54
1542371614 1.42
1542371616 2.36
1542371618 7.23
1542371620 6.66
1542371622 5.08
1542371624 1.04
1542371626 1.04
1542371628 1.01
1542371630 7.56
1542371632 1.87
1542371634 1.46
1542371636 9.43
1542371638 2.47
1542371640 1.11
1542371642 4.51
1542371644 1.63
1542371646 3.56
1542371648 9.67
1542371650 5.03
1542371652 3.9
1542371654 6.5
1542371656 6.34
1542371658 2.38
1542371660 7.03
1542371662 5.62
1542371664 8.89
1542371666 3.08
1542371668 7.53
1542371670 4.49
1542371672 2.58
1542371674 8.62
1542371676 6.76
1542371678 9.9
1542371680 1.82
1542371682 7.77
1542371684 4.62
1542371686 5.89
1542371688 6.64
1542371690 8.31
1542371692 6.32
1542371694 5.25
1542371696 9.86
1542371698 4.62
1542371700 1.2
1542371702 4.07
1542371704 6.15
1542371706 9.63
1542371708 2.74
1542371710 8.3
1542371712 8.71
1542371714 8.97
1542371716 4.62
1542371718 8.58
1542371720 9.81
1542371722 3.37
1542371724 9.3
1542371726 9.54
1542371728 8.26
1542371730 3.25
1542371732 9.02
1542371734 8.04
1542371736 4.33
1542371738 1.48
1542371740 9.32
1542371742 5.88
1542371744 6.76
1542371746 7.07
1542371748 7.4
1542371750 2.92
1542371752 1.14
1542371754 4.03
1542371756 4.69
1542371758 5.21
1542371760 8.04
1542371762 6.96
1542371764 3.28
1542371766 1.91
1542371768 1.47
1542371770 3.17
1542371772 3.73
1542371774 6.29
1542371776 8.96
1542371778 6.93
1542371780 3.3
1542371782 8.09
1542371784 6.15
1542371786 5.02
1542371788 5.73
1542371790 6.92
1542371792 6.3
1542371794 5.65
1542371796 2.12
1542371798 4.83
1542371800 2.36
1542371802 4.77
1542371804 6.06
1542371806 4.75
1542371808 7.71
1542371810 9.93
1542371812 4.07
1542371814 3.8
1542371816 6.84
1542371818 6.32
1542371820 5.82
1542371822 6.28
1542371824 6.29
1542371826 4.26
1542371828 7.89
1542371830 4.66
1542371832 6.27
1542371834 6.35
1542371836 9.99
1542371838 3.07
1542371840 9.42
1542371842 3.48
1542371844 3.96
1542371846 6.65
1542371848 3.67
1542371850 8.87
1542371852 6.16
1542371854 5.11
1542371856 9.89
1542371858 2.55
1542371860 5.14
1542371862 5.45
1542371864 7.89
1542371866 4.38
1542371868 1.94
1542371870 7.89
1542371872 8.06
1542371874 3.64
1542371876 8.99
1542371878 8.74
1542371880 2.59
1542371882 4.45
1542371884 9.06
1542371886 6.61
1542371888 1.85
1542371890 6.64
1542371892 2.11
1542371894 8.75
1542371896 3.95
1542371898 1.32
1542371900 8.55
1542371902 1.98
1542371904 6.97
1542371906 6.87
1542371908 1.41
1542371910 2.33
1542371912 8.33
1542371914 5.79
1542371916 5.64
1542371918 5.91
1542371920 2.43
1542371922 6.17
1542371924 1.89
1542371926 4.34
1542371928 8.38
1542371930 9.04
1542371932 9.79
1542371934 5.28
1542371936 6.21
1542371938 2.47
1542371940 7.53
1542371942 1.97
1542371944 6.89
1542371946 3.4
1542371948 1.97
1542371950 4.06
1542371952 7.84
1542371954 2.06
1542371956 9.09
1542371958 9.08
1542371960 5.74
1542371962 7.73
1542371964 2.35
1542371966 7.08
1542371968 7.77
1542371970 1.77
1542371972 6.16
1542371974 8.43
1542371976 8.61
1542371978 5.31
1542371980 2.14
1542371982 7.76
1542371984 6.12
1542371986 8.88
1542371988 3.97
1542371990 3.54
1542371992 2.15
1542371994 7.32
1542371996 4.16
1542371998 3.19
1542372000 9.25
1542372002 3.9
1542372004 2.38
1542372006 7.41
1542372008 5.17
1542372010 7.24
1542372012 7.81
1542372014 3.38
1542372016 6.05
1542372018 7.7
1542372020 1.9
1542372022 9.77
1542372024 9.87
1542372026 5.09
1542372028 8.77
1542372030 6.52
1542372032 1.55
1542372034 2.74
1542372036 7.67
1542372038 4.92
1542372040 2.07
1542372042 1.56
1542372044 9.24
1542372046 5.31
1542372048 5.3
1542372050 6.79
1542372052 7.92
1542372054 5.99
1542372056 1.98
1542372058 6.1
1542372060 3.52
1542372062 3.09
1542372064 7.29
1542372066 2.28
1542372068 5.54
1542372070 6.14
1542372072 6.16
1542372074 7.99
1542372076 5.27
1542372078 3.95
1542372080 7.37
1542372082 8.03
1542372084 1.46
1542372086 8.71
1542372088 3.48
1542372090 1.13
1542372092 2.92
1542372094 6.79
1542372096 6.56
1542372098 9.25
1542372100 6.88
1542372102 2.35
1542372104 8.41
1542372106 2.17
1542372108 6.19
1542372110 8.74
1542372112 3.05
1542372114 9.32
1542372116 4.35
1542372118 4.49
1542372120 6.8
1542372122 9.44
1542372124 1.27
1542372127 9.97
1542372129 8.86
1542372131 4.23
1542372133 3.49
1542372135 4.11
1542372137 7.92
1542372139 6.4
1542372141 7.11
1542372143 4.17
1542372145 7.13
1542372147 8.61
1542372149 1.89
1542372151 2.66
1542372153 8.74
1542372155 8.69
1542372157 4.21
1542372159 8.98
1542372161 6.15
1542372163 8.93
1542372165 9.67
1542372167 4.43
1542372169 3.57
1542372171 9.95
1542372173 8.07
1542372175 7.45
1542372177 7.83
1542372179 8.42
1542372181 4.72
1542372183 9.66
1542372185 7.68
1542372187 7.63
1542372189 7.96
1542372191 3.33
1542372193 7.39
1542372195 7.2
1542372197 1.16
1542372199 1.63
1542372201 8.0
1542372203 9.25
1542372205 6.55
1542372207 3.8
1542372209 8.85
1542372211 8.45
1542372213 9.82
1542372215 2.86
1542372217 9.42
1542372219 4.87
1542372221 1.45
1542372223 4.67
1542372225 4.31
1542372227 2.93
1542372229 7.59
1542372231 7.08
1542372233 5.97
1542372235 9.19
1542372237 3.96
1542372239 9.09
1542372241 9.98
1542372243 3.81
1542372245 4.04
1542372247 3.94
1542372249 2.63
1542372251 4.69
1542372253 2.88
1542372255 8.15
1542372257 1.79
1542372259 8.76
1542372261 8.99
1542372263 2.87
1542372265 3.17
1542372267 3.98
1542372269 6.03
1542372271 3.17
1542372273 9.8
1542372275 8.41
1542372277 8.41
1542372279 1.88
1542372281 8.27
1542372283 2.42
1542372285 5.09
1542372287 5.95
1542372289 4.48
1542372291 4.07
1542372293 2.77
1542372295 3.39
1542372297 8.71
1542372299 7.44
1542372301 7.31
1542372303 7.5
1542372305 1.17
1542372307 7.33
1542372309 8.56
1542372311 6.55
1542372313 8.34
1542372315 7.44
1542372317 8.57
1542372319 2.92
1542372321 4.33
1542372323 3.49
1542372325 6.89
1542372327 5.63
1542372329 7.26
1542372331 2.69
1542372333 6.46
1542372335 4.87
1542372337 4.39
1542372339 4.07
1542372341 6.92
1542372343 5.66
1542372345 7.02
1542372347 2.92
1542372349 3.15
1542372351 2.63
1542372353 5.19
1542372355 7.13
1542372357 7.73
1542372359 8.74
1542372361 6.01
1542372363 6.35
1542372365 6.67
1542372367 8.21
1542372369 8.03
1542372371 7.98
1542372373 1.74
1542372375 7.85
1542372377 6.65
1542372379 6.0
1542372381 1.77
1542372383 6.18
1542372385 3.43
1542372387 8.51
1542372389 3.71
1542372391 8.95
1542372393 1.68
1542372395 4.91
1542372397 8.5
1542372399 5.49
1542372401 2.21
1542372403 8.94
1542372405 6.26
1542372407 3.87
1542372409 2.14
1542372411 2.75
1542372413 8.66
1542372415 6.39
1542372417 3.81
1542372419 9.92
1542372421 6.44
1542372423 1.91
1542372425 6.48
1542372427 9.0
1542372429 8.98
1542372431 8.27
1542372433 3.92
1542372435 7.32
1542372437 6.83
1542372439 4.53
1542372441 3.0
1542372443 2.26
1542372445 7.64
1542372447 9.42
1542372449 1.16
1542372451 3.17
1542372453 5.52
1542372455 2.08
1542372457 9.55
1542372459 4.39
1542372461 9.75
1542372463 8.5
1542372465 6.69
1542372467 2.48
1542372469 7.69
1542372471 8.99
1542372473 8.17
1542372475 2.92
1542372477 5.48
1542372479 4.12
1542372481 6.54
1542372483 4.14
1542372485 2.4
1542372487 1.68
1542372489 1.37
1542372491 8.48
1542372493 1.84
1542372495 1.01
1542372497 6.88
1542372499 8.09
1542372501 5.83
1542372503 6.85
1542372505 9.36
1542372507 1.17
1542372509 4.16
1542372511 6.65
1542372640 6.63
1542372642 7.89
1542372644 7.1
1542372646 7.19
1542372648 4.01
1542372650 4.62
1542372652 4.09
1542372654 8.13
1542372656 7.47
1542372658 9.33
1542372660 2.31
1542372662 3.64
1542372664 1.09
1542372666 7.49
1542372668 2.71
1542372670 4.74
1542372672 4.17
1542372674 2.56
1542372676 2.27
1542372678 8.21
1542372680 2.94
1542372682 8.51
1542372684 1.38
1542372686 9.05
1542372688 3.53
1542372690 9.71
1542372692 8.84
1542372694 5.99
1542372696 1.66
1542372698 6.78
1542372700 1.42
1542372702 6.92
1542372704 4.31
1542372706 9.21
1542372708 4.59
1542372710 3.14
1542372712 9.59
1542372714 7.37
1542372716 7.46
1542372718 6.55
1542372720 5.5
1542372722 9.52
1542372724 6.43
1542372726 4.52
1542372728 8.27
1542372730 7.49
1542372732 2.29
1542372734 4.21
1542372736 3.27
1542372738 4.07
1542372740 7.69
1542372742 7.87
1542372744 4.86
1542372746 2.01
1542372748 1.31
1542372750 3.33
1542372752 4.61
1542372754 1.64
1542372756 6.03
1542372758 4.95
1542372760 2.25
1542372762 7.29
1542372764 4.81
1542372766 9.16
1542372768 1.09
1542372770 4.14
1542372772 4.21
1542372774 7.42
1542372776 8.06
1542372778 3.45
1542372780 3.64
1542372782 4.0
1542372784 4.21
1542372786 1.99
1542372788 2.68
1542372790 1.68
1542372792 1.93
1542372794 8.5
1542372796 3.71
1542372798 6.42
1542372800 1.72
1542372802 4.94
1542372804 1.02
1542372806 9.56
1542372808 1.65
1542372810 3.54
1542372812 4.63
1542372814 8.48
1542372816 7.33
1542372818 8.54
1542372820 5.89
1542372822 5.92
1542372824 7.5
1542372826 2.2
1542372828 8.12
1542372830 1.43
1542372832 8.81
1542372834 9.73
1542372836 2.17
1542372838 1.58
1542372840 7.74
1542372842 2.22
1542372844 1.61
1542372846 1.55
1542372848 7.95
1542372850 4.3
1542372852 9.38
1542372854 9.06
1542372856 1.29
1542372858 8.25
1542372860 5.72
1542372862 3.24
1542372864 8.07
1542372866 8.58
1542372868 7.42
1542372870 9.6
1542372872 1.52
1542372874 7.13
1542372876 1.48
1542372878 7.48
1542372880 3.39
1542372882 3.4
1542372884 8.08
1542372886 9.55
1542372888 6.71
1542372890 8.15
1542372892 9.48
1542372894 9.55
1542372896 4.94
1542372898 9.82
1542372900 4.09
1542372902 9.86
1542372904 9.0
1542372906 9.73
1542372908 3.58
1542372911 1.41
1542372913 6.9
1542372915 4.05
1542372917 6.48
1542372919 6.18
1542372921 5.42
1542372923 2.1
1542372925 2.18
1542372927 4.78
1542372929 7.87
1542372931 7.05
1542372933 8.77
1542372935 1.86
1542372937 3.09
1542372939 2.33
1542372941 1.83
1542372943 7.86
1542372945 3.13
1542372947 8.77
1542372949 8.27
1542372951 5.46
1542372953 3.39
1542372955 6.15
1542372957 2.1
1542372959 2.1
1542372961 8.62
1542372963 3.69
1542372965 4.98
1542372967 5.39
1542372969 1.21
1542372971 3.8
1542372973 4.61
1542372975 7.02
1542372977 2.45
1542372979 5.69
1542372981 3.17
1542372983 6.82
1542372985 8.84
1542372987 8.06
1542372989 1.67
1542372991 1.19
1542372993 6.91
1542372995 4.48
1542372997 5.45
1542372999 4.56
1542373001 6.97
1542373003 7.21
1542373005 6.21
1542373007 8.99
1542373009 7.16
1542373011 1.35
1542373013 1.57
1542373015 6.33
1542373017 1.95
1542373019 3.63
1542373021 6.29
1542373023 3.1
1542373025 1.28
1542373027 1.09
1542373029 8.1
1542373031 9.95
1542373033 6.6
1542373035 4.34
1542373037 7.22
1542373039 3.37
1542373041 5.58
1542373043 2.55
1542373045 9.71
1542373047 5.97
1542373049 5.88
1542373051 4.18
1542373053 4.39
1542373055 8.42
1542373057 6.73
1542373059 7.22
1542373061 8.47
1542373063 2.94
1542373065 1.6
1542373067 7.12
1542373069 2.96
1542373071 7.35
1542373073 8.4
1542373075 5.77
1542373077 7.78
1542373079 4.08
1542373081 1.48
1542373083 6.34
1542373085 7.04
1542373087 7.21
1542373089 8.27
1542373091 1.76
1542373093 9.67
1542373095 3.38
1542373097 9.19
1542373099 3.81
1542373101 8.65
1542373103 3.34
1542373105 3.05
1542373107 1.56
1542373109 2.6
1542373111 1.12
1542373113 4.74
1542373115 9.85
1542373117 5.82
1542373119 4.89
1542373121 5.42
1542373123 4.0
1542373125 7.88
1542373127 1.55
1542373129 9.1
1542373131 4.3
1542373133 9.05
1542373135 5.08
1542373137 1.86
1542373139 7.83
1542373141 1.8
1542373143 8.22
1542373145 3.66
1542373147 3.56
1542373149 1.86
1542373151 1.88
1542373153 5.7
1542373155 6.69
1542373157 8.26
1542373159 8.59
1542373161 7.25
1542373163 5.3
1542373165 6.62
1542373167 6.01
1542373169 8.17
1542373171 9.14
1542373173 4.64
1542373175 6.14
1542373177 7.42
1542373179 7.13
1542373181 5.14
1542373183 5.38
1542373185 1.74
1542373187 3.41
1542373189 8.17
1542373191 5.56
1542373193 1.6
1542373195 7.86
1542373197 5.38
1542373199 4.73
1542373201 3.34
1542373203 4.37
1542373205 3.67
1542373207 8.61
1542373209 1.51
1542373211 7.15
1542373213 8.56
1542373215 7.27
1542373217 2.77
1542373219 7.28
1542373221 5.64
1542373223 8.25
1542373225 7.28
1542373227 8.21
1542373229 8.24
1542373231 6.34
1542373233 4.87
1542373235 6.76
1542373237 5.05
1542373239 7.29
1542373241 4.18
1542373243 3.92
1542373245 6.05
1542373247 4.32
1542373249 9.79
1542373251 3.71
1542373253 6.82
1542373255 4.52
1542373257 4.88
1542373259 5.48
1542373261 8.55
1542373263 3.91
1542373265 5.93
1542373267 4.78
1542373269 5.84
1542373271 2.49
1542373273 6.25
1542373275 6.81
1542373277 9.84
1542373279 3.42
1542373281 8.89
1542373283 3.48
1542373285 8.49
1542373287 4.84
1542373289 9.58
1542373291 5.33
1542373293 2.64
1542373295 1.45
1542373297 9.12
1542373299 8.36
1542373301 8.12
1542373303 9.11
1542373305 6.02
1542373307 7.22
1542373309 7.36
1542373311 4.25
1542373313 6.24
1542373315 2.45
1542373317 9.54
1542373319 5.11
1542373321 8.38
1542373323 8.38
1542373325 2.2
1542373327 4.46
1542373329 6.59
1542373331 8.8
1542373333 8.82
1542373335 7.29
1542373337 8.57
1542373339 7.51
1542373341 8.39
1542373343 4.69
1542373345 8.29
1542373347 5.65
1542373349 7.62
1542373351 4.39
1542373353 4.44
1542373355 4.93
1542373357 2.99
1542373359 4.97
1542373361 3.16
1542373363 4.83
1542373365 7.41
1542373367 6.11
1542373369 5.55
1542373371 7.56
1542373373 4.24
1542373375 4.51
1542373377 3.42
1542373379 8.43
1542373381 2.98
1542373383 4.18
1542373385 3.28
1542373387 2.86
1542373389 1.54
1542373391 6.94
1542373393 4.19
1542373395 4.39
1542373397 1.88
1542373399 2.86
1542373401 2.35
1542373403 4.0
1542373405 4.84
1542373407 7.18
1542373409 6.76
1542373411 7.05
1542373413 7.07
1542373415 8.1
1542373417 9.14
1542373419 9.42
1542373421 4.62
1542373423 6.63
1542373425 4.93
1542373427 4.7
1542373429 1.56
1542373431 9.74
1542373433 1.83
1542373435 9.59
1542373437 5.26
1542373439 8.92
1542373441 4.44
1542373443 3.5
1542373445 9.62
1542373447 4.56
1542373449 4.38
1542373451 8.48
1542373453 5.98
1542373455 7.64
1542373457 9.96
1542373459 1.55
1542373461 3.62
1542373463 1.01
1542373465 7.08
1542373467 7.74
1542373469 9.8
1542373471 2.7
1542373473 4.76
1542373475 3.61
1542373477 8.97
1542373479 3.84
1542373481 3.44
1542373483 9.79
1542373485 9.12
1542373487 6.44
1542373489 2.78
1542373491 6.7
1542373493 6.53
1542373495 4.09
1542373498 5.26
1542373500 2.2
1542373502 1.52
1542373504 8.23
1542373506 1.71
1542373508 3.88
1542373510 5.15
1542373512 1.76
1542373514 1.68
1542373516 8.68
1542373518 1.09
1542373520 8.37
1542373522 7.81
1542373524 4.28
1542373526 4.23
1542373528 1.51
1542373530 1.14
1542373532 8.33
1542373534 7.41
1542373536 7.76
1542373538 4.06
1542373540 8.93
1542373542 1.59
1542373544 8.79
1542373546 5.1
1542373548 2.1
1542373550 7.05
1542373552 8.03
1542373554 3.04
1542373556 1.31
1542373558 9.53
1542373560 1.89
1542373562 3.14
1542373564 5.38
1542373566 8.74
1542373568 3.05
1542373570 9.86
1542373572 9.14
1542373574 2.73
1542373576 5.94
1542373578 4.75
1542373580 3.73
1542373582 6.87
1542373584 4.17
1542373586 7.0
1542373588 5.48
1542373590 1.92
1542373592 6.63
1542373594 9.99
1542373596 2.42
1542373598 8.39
1542373600 9.66
1542373602 7.74
1542373604 1.1
1542373606 8.78
1542373608 9.61
1542373610 7.62
1542373612 6.52
1542373614 5.6
1542373616 9.31
1542373618 2.89
1542373620 9.58
1542373622 6.61
1542373624 3.25
1542373626 3.94
1542373628 8.5
1542373630 5.68
1542373632 4.52
1542373634 9.46
1542373636 9.57
1542373638 9.1
1542373640 9.11
1542373642 6.94
1542373644 2.73
1542373646 8.83
1542373648 7.96
1542373650 9.34
1542373652 3.0
1542373654 8.4
1542373656 9.46
1542373658 4.28
1542373660 8.0
1542373662 8.06
1542373664 8.06
1542373666 1.9
1542373668 3.2
1542373670 6.66
1542373672 3.47
1542373674 8.42
1542373676 5.45
1542373678 9.92
1542373680 5.28
1542373682 3.4
1542373684 1.65
1542373686 9.73
1542373688 3.24
1542373690 1.83
1542373692 6.67
1542373694 9.88
1542373696 3.83
1542373698 4.62
1542373700 5.69
1542373702 3.13
1542373704 8.94
1542373706 8.8
1542373708 1.69
1542373710 7.96
1542373712 5.27
1542373714 8.63
1542373716 8.49
1542373718 6.06
1542373720 4.04
1542373722 7.26
1542373724 8.17
1542373726 4.16
1542373728 3.41
1542373730 9.07
1542373732 9.91
1542373734 9.0
1542373736 9.26
1542373738 3.5
1542373740 5.11
1542373742 8.49
1542373744 4.8
1542373746 9.7
1542373748 7.35
1542373750 5.25
1542373752 9.09
1542373754 6.48
1542373756 9.38
1542373758 9.61
1542373760 3.15
1542373762 2.47
1542373764 8.17
1542373766 4.25
1542373768 7.78
1542373770 9.87
1542373772 8.38
1542373774 3.0
1542373776 6.34
1542373778 1.28
1542373780 7.06
1542373782 7.17
1542373784 4.67
1542373786 4.75
1542373788 7.19
1542373790 6.71
1542373792 2.28
1542373794 8.28
1542373796 9.6
1542373798 3.22
1542373800 8.34
1542373802 8.25
1542373804 3.12
1542373806 4.98
1542373808 2.75
1542373810 1.33
1542373812 6.44
1542373814 8.05
1542373816 2.94
1542373818 1.22
1542373820 1.81
1542373822 9.82
1542373824 4.69
1542373826 8.91
1542373828 4.01
1542377456 6.93
1542377458 9.34
1542377460 9.59
1542377462 7.54
1542377464 6.46
1542377466 1.86
1542377468 5.8
1542377470 7.45
1542377472 6.61
1542377474 2.28
1542377476 1.5
1542377478 2.32
1542377480 9.28
1542377482 2.39
1542377484 1.79
1542377486 4.74
1542377488 8.23
1542377490 2.97
1542377492 7.15
1542377494 1.52
1542377496 7.04
1542377498 7.77
1542377500 7.69
1542377502 3.32
1542377504 6.73
1542377506 3.24
1542377508 4.7
1542377510 7.77
1542377512 4.4
1542377514 4.61
1542377516 8.9
1542377518 9.68
1542377520 3.19
1542377522 2.04
1542377524 7.78
1542377526 1.33
1542377528 7.05
1542377530 7.15
1542377532 5.37
1542377534 4.53
1542377536 4.7
1542377538 9.45
1542377540 5.1
1542377542 1.19
1542377544 5.12
1542377546 7.62
1542377548 4.71
1542377550 3.31
1542377552 5.89
1542377554 9.3
1542377556 8.84
1542377558 6.76
1542377560 4.27
1542377562 7.97
1542377564 1.76
1542377566 1.83
1542377568 2.31
1542377570 3.71
1542377572 6.22
1542377574 4.28
1542377576 1.73
1542377578 6.59
1542377580 6.27
1542377582 7.04
1542377584 4.94
1542377586 8.65
1542377588 9.43
1542377590 9.28
1542377592 8.93
1542377594 7.18
1542377596 9.62
1542377598 2.63
1542377600 2.17
1542377602 2.67
1542377604 7.58
1542377606 5.11
1542377608 5.76
1542377610 2.55
1542377612 3.99
1542377614 2.83
1542377616 7.48
1542377618 3.41
1542377620 6.65
1542377622 5.04
1542377624 9.21
1542377626 6.38
1542377628 5.89
1542377630 6.66
1542377632 8.34
1542377634 3.25
1542377636 4.99
1542377638 5.41
1542377640 4.53
1542377642 6.2
1542377644 1.98
1542377646 6.4
1542377648 1.88
1542377650 9.13
1542377652 7.78
1542377654 8.69
1542377656 1.77
1542377658 7.21
1542377660 9.6
1542377662 7.45
1542377664 8.97
1542377666 1.79
1542377668 8.93
1542377670 7.01
1542377672 6.46
1542377674 5.92
1542377676 5.27
1542377678 7.41
1542377680 5.53
1542377682 3.2
1542377684 8.05
1542377686 2.16
1542377688 7.53
1542377690 8.49
1542377692 2.72
1542377694 8.22
1542377696 2.06
1542377698 6.34
1542377700 4.68
1542377702 1.4
1542377704 6.87
1542377706 9.05
1542377708 6.84
1542377963 4.14
1542377965 7.49
1542377967 5.86
1542377969 9.6
1542377971 3.27
1542377973 3.6
1542377975 4.54
1542377977 6.32
1542377979 3.89
1542377981 1.62
1542377983 7.71
1542377985 3.79
1542377987 1.58
1542377989 3.47
1542377991 5.04
1542377993 2.6
1542377995 9.29
1542377997 7.51
1542377999 2.35
1542378001 8.55
1542378003 3.42
1542378005 2.91
1542378007 2.44
1542378009 6.93
1542378011 8.1
1542378013 9.9
1542378015 1.18
1542378017 5.24
1542378019 7.93
1542378021 9.28
1542378023 3.49
1542378025 8.06
1542378027 3.46
1542378029 6.21
1542378031 8.74
1542378033 4.07
1542378035 3.82
1542378037 5.41
1542378039 2.04
1542378041 5.82
1542378043 8.48
1542378045 8.04
1542378047 5.87
1542378049 6.41
1542378051 1.0
1542378053 1.01
1542378055 6.48
1542378057 4.7
1542378059 9.71
1542378061 1.82
1542378063 2.84
1542378065 9.05
1542378067 5.72
1542378069 2.55
1542378071 9.2
1542378073 9.96
1542378075 9.7
1542378077 9.85
1542378079 3.88
1542378081 4.73
1542378083 3.96
1542378085 6.33
1542378087 1.59
1542378089 2.94
1542378091 2.8
1542378093 9.2
1542378095 3.66
1542378097 1.58
1542378099 5.28
1542378101 1.67
1542378103 5.65
1542378105 4.42
1542378107 6.0
1542378109 1.65
1542378111 4.34
1542378113 2.67
1542378115 4.86
1542378117 4.78
1542378119 9.66
1542378121 4.99
1542378123 9.91
1542378125 5.17
1542378127 8.86
1542378129 6.55
1542378131 5.88
1542378133 5.94
1542378135 3.63
1542378137 2.46
