1542237925 193.34
1542237930 186.83
1542237935 108.23
1542237940 175.02
1542237945 103.17
1542237950 115.15
1542237955 130.24
1542237960 142.71
1542237965 171.18
1542237970 191.56
1542237975 153.54
1542237980 192.17
1542237985 109.82
1542237990 133.94
1542237995 176.05
1542238000 152.55
1542238005 164.61
1542238010 161.86
1542238015 153.76
1542238020 187.9
1542238025 118.82
1542238030 198.65
1542238035 171.81
1542238040 152.06
1542238045 132.38
1542238050 101.9
1542238055 113.43
1542238060 107.33
1542238065 183.3
1542238070 150.59
1542238075 116.46
1542238080 152.79
1542238085 122.98
1542238090 188.29
1542238095 116.72
1542238100 197.44
1542238105 137.35
1542238110 172.35
1542238115 117.65
1542238120 124.82
1542238125 122.49
1542238130 122.15
1542238135 133.84
1542238140 123.98
1542238145 110.58
1542238150 151.4
1542238155 174.54
1542238160 110.65
1542238165 162.0
1542238170 197.15
1542238175 133.2
1542238180 105.46
1542238185 190.47
1542238190 156.83
1542238195 171.33
1542238200 114.37
1542238205 196.39
1542238210 146.69
1542238215 136.51
1542238220 181.01
1542238225 192.58
1542238230 133.71
1542238235 112.45
1542238240 140.32
1542238245 141.23
1542238250 116.61
1542238255 179.25
1542238260 172.35
1542238265 164.33
1542238270 174.48
1542238275 140.93
1542238280 122.66
1542238285 162.68
1542238290 135.78
1542238295 198.36
1542238300 109.54
1542238305 192.6
1542238310 147.33
1542238315 194.24
1542238320 195.23
1542238325 197.35
1542238330 104.14
1542238335 195.96
1542238340 167.15
1542238345 128.74
1542238350 191.78
1542238355 143.63
1542238360 113.86
1542238365 174.66
1542238370 125.24
1542238375 101.69
1542238380 128.09
1542238385 139.4
1542238390 133.91
1542238395 109.85
1542238400 132.19
1542238405 173.2
1542238410 150.04
1542238415 118.6
1542238420 177.93
1542238425 127.63
1542238430 105.28
1542238435 178.86
1542238440 125.03
1542238445 142.46
1542238450 107.22
1542238455 117.38
1542238460 114.31
1542238465 129.35
1542238470 152.81
1542238475 173.0
1542238480 123.26
1542238485 197.62
1542238490 122.58
1542238495 194.75
1542238500 185.48
1542238505 156.43
1542238510 191.17
1542238515 104.6
1542238520 191.16
1542238525 191.52
1542238530 195.77
1542238535 144.98
1542238540 173.62
1542238545 104.0
1542238550 107.42
1542238556 135.52
1542238561 139.33
1542238566 181.28
1542238571 121.85
1542238576 190.65
1542238581 195.88
1542238586 102.7
1542238591 189.27
1542238596 130.31
1542238601 110.44
1542238606 130.56
1542238611 128.92
1542238616 111.6
1542238621 130.51
1542238626 169.9
1542238631 182.3
1542238636 187.61
1542238641 184.86
1542238646 110.64
1542238651 127.41
1542238656 180.52
1542238661 159.72
1542238666 154.18
1542238671 193.01
1542238676 112.53
1542238681 133.58
1542238686 164.47
1542238691 116.34
1542238696 190.66
1542238701 148.88
1542238706 176.08
1542238711 160.72
1542238716 188.36
1542238721 114.99
1542238726 167.88
1542238731 135.88
1542238736 141.25
1542238741 106.44
1542238746 127.86
1542238751 168.12
1542238756 130.2
1542238761 158.59
1542238766 152.69
1542238771 145.63
1542238776 100.14
1542238781 172.25
1542238786 137.56
1542238791 160.37
1542238796 189.63
1542238801 113.75
1542238806 166.53
1542238811 155.56
1542238816 114.09
1542238821 101.15
1542238826 149.48
1542238831 123.47
1542238836 171.82
1542238841 152.72
1542238846 130.98
1542238851 160.91
1542238856 103.59
1542238861 167.77
1542238866 137.13
1542238871 135.74
1542238876 174.65
1542238881 178.36
1542242486 100.12
1542255307 131.09
1542255313 149.02
1542272026 142.66
1542272031 167.57
1542272038 124.85
1542272043 149.25
1542272048 103.3
1542272053 111.42
1542272058 117.11
1542272063 139.59
1542272068 169.3
1542272073 175.27
1542272078 192.79
1542273242 100.67
1542273247 166.38
1542273252 181.82
1542277996 145.23
1542278001 114.56
1542278006 179.15
1542278011 128.28
1542278018 122.58
1542278023 157.32
1542278028 155.55
1542278033 107.44
1542278038 157.57
1542278043 191.31
1542278048 102.12
1542278053 183.0
1542278058 191.01
1542278063 106.36
1542278068 178.3
1542278073 171.74
1542278078 180.25
1542278083 170.83
1542278088 153.48
1542278093 162.77
1542278098 188.18
1542278103 147.47
1542278108 128.47
1542278113 124.29
1542278118 173.8
1542278123 178.35
1542278128 199.04
1542278133 102.05
1542278138 107.5
1542278143 122.6
1542278148 173.37
1542278153 197.39
1542278158 182.12
1542278163 121.13
1542278168 158.63
1542278173 193.82
1542278178 105.12
1542278183 183.93
1542278188 149.85
1542278193 134.88
1542278198 169.98
1542278203 172.35
1542278208 198.91
1542278213 163.83
1542278218 174.28
1542278223 139.71
1542278228 108.33
1542278233 186.68
1542278238 107.39
1542278243 123.62
1542278248 180.56
1542278253 101.09
1542278258 122.64
1542278263 170.14
1542278268 113.08
1542278273 162.07
1542278278 177.06
1542278283 166.11
1542278286 193.38
1542278291 127.31
1542278296 177.29
1542278301 180.35
1542278306 124.3
1542278311 170.48
1542278316 178.37
1542278321 181.19
1542278326 179.22
1542278331 133.69
1542278336 191.58
1542282565 166.25
1542282570 159.57
1542282575 112.61
1542282580 117.51
1542282585 198.82
1542282590 163.04
1542282595 105.72
1542282600 107.51
1542282605 119.03
1542282610 106.65
1542282615 168.28
1542282620 125.11
1542282625 111.4
1542282630 179.43
1542282635 191.2
1542282640 159.21
1542282645 119.75
1542282650 153.0
1542282655 188.69
1542282660 188.24
1542282665 176.88
1542282670 197.48
1542282675 123.35
1542282680 126.73
1542282685 185.44
1542282690 144.78
1542282695 133.4
1542282700 108.23
1542282705 125.13
1542282710 193.64
1542282715 136.18
1542282720 169.3
1542282725 164.48
1542282730 111.99
1542282735 159.12
1542282740 141.51
1542282745 138.26
1542282750 145.05
1542282755 152.87
1542282760 177.54
1542282765 168.59
1542282770 183.39
1542282775 193.51
1542282780 104.59
1542282785 106.05
1542282790 187.5
1542282795 127.65
1542282800 169.44
1542282805 124.8
1542282810 165.37
1542282815 185.51
1542282820 186.36
1542282825 117.38
1542282830 162.06
1542282835 147.68
1542282840 192.02
1542282845 176.55
1542282850 168.31
1542282855 128.01
1542282860 128.81
1542282865 191.92
1542282870 125.74
1542282875 103.05
1542282880 143.8
1542282885 170.01
1542282890 121.17
1542282895 156.01
1542282900 138.4
1542282905 163.99
1542282910 170.68
1542282915 113.7
1542282920 182.57
1542282925 126.36
1542282930 115.29
1542282935 143.3
1542282940 102.25
1542282945 172.28
1542282950 105.19
1542282955 150.5
1542282960 184.89
1542282965 185.14
1542282970 118.99
1542282975 153.15
1542293215 192.88
1542293220 193.38
1542293225 109.5
1542293232 116.48
1542293237 172.56
1542293242 179.84
1542293247 139.19
1542293252 189.56
1542293257 105.2
1542293262 107.72
1542369191 118.83
1542369196 133.24
1542369201 142.57
1542369206 167.93
1542369211 119.78
1542369216 180.4
1542369221 130.03
1542369226 117.03
1542369231 117.43
1542369236 142.48
1542369241 170.35
1542369246 119.82
1542369251 138.44
1542369256 157.29
1542369261 176.83
1542369266 163.53
1542369271 173.11
1542369276 128.61
1542369281 122.05
1542369286 132.31
1542369291 112.65
1542369296 100.9
1542369301 181.94
1542369306 160.26
1542369311 109.7
1542369316 170.3
1542369321 135.43
1542369326 185.84
1542369331 158.8
1542369336 109.48
1542369341 108.06
1542369346 119.65
1542369351 145.49
1542369356 159.16
1542369361 171.04
1542369366 197.93
1542369371 155.67
1542369376 146.45
1542369381 137.69
1542369386 129.31
1542369391 143.03
1542369396 136.52
1542369401 183.94
1542369406 134.16
1542369411 153.44
1542369416 171.14
1542369421 195.41
1542369426 176.3
1542369432 127.74
1542369437 101.18
1542369442 141.33
1542369447 153.9
1542369452 146.68
1542369457 146.72
1542369462 150.05
1542369467 171.4
1542369472 107.4
1542369477 105.91
1542369482 186.07
1542369487 167.18
1542369859 144.38
1542369864 173.86
1542369869 195.47
1542369874 136.0
1542369879 128.76
1542369883 123.66
1542369888 163.55
1542369893 198.96
1542369898 101.56
1542369903 122.01
1542369908 159.08
1542369913 133.44
1542369918 129.06
1542369923 104.4
1542369928 113.84
1542369933 190.48
1542369938 143.93
1542369943 168.43
1542369948 123.77
1542369953 123.78
1542369958 157.35
1542369963 187.11
1542369969 148.92
1542369974 102.72
1542369979 114.06
1542369984 195.9
1542369989 111.66
1542369994 158.11
1542369999 196.85
1542370004 198.64
1542370009 150.16
1542370014 131.4
1542370019 136.89
1542370024 159.69
1542370029 149.94
1542370034 199.03
1542370039 105.07
1542370044 183.8
1542370049 183.98
1542370054 116.33
1542370059 157.8
1542370064 177.64
1542370069 107.3
1542370074 188.37
1542370079 106.82
1542370084 146.33
1542370089 167.5
1542370094 145.12
1542370099 174.64
1542370104 135.8
1542370109 127.39
1542370114 118.06
1542370119 165.42
1542370124 127.65
1542370129 119.69
1542370134 144.55
1542370139 197.69
1542370144 101.38
1542370149 199.93
1542370154 182.99
1542370159 131.92
1542370164 112.82
1542370169 176.64
1542370174 109.81
1542370179 197.01
1542370184 107.66
1542370189 100.25
1542370194 182.37
1542370199 123.0
1542370204 128.16
1542370209 115.26
1542370214 189.27
1542370219 138.57
1542370224 112.38
1542370229 175.12
1542370234 191.48
1542370239 156.86
1542370244 170.05
1542370249 162.94
1542370254 147.82
1542370259 101.89
1542370264 137.6
1542370269 109.1
1542370274 199.51
1542370279 133.03
1542370284 189.85
1542370289 118.12
1542370294 176.17
1542370299 195.54
1542370304 193.21
1542370309 127.35
1542370314 170.18
1542370319 115.14
1542370324 199.72
1542370329 172.56
1542370334 140.23
1542370339 190.09
1542370344 183.95
1542370349 107.75
1542370354 163.29
1542370359 149.39
1542370364 158.96
1542370369 183.42
1542370374 141.39
1542370379 144.58
1542370384 163.73
1542370389 188.67
1542370394 177.18
1542370399 149.87
1542370404 196.76
1542370409 186.41
1542370414 136.26
1542370419 182.0
1542370424 136.29
1542370429 137.37
1542370434 128.28
1542370439 193.08
1542370444 166.28
1542370449 146.41
1542370454 177.9
1542370459 101.61
1542370464 131.54
1542370469 171.55
1542370474 147.83
1542370479 182.65
1542370484 105.92
1542370489 115.02
1542370494 180.71
1542370499 124.75
1542370504 180.53
1542370509 146.59
1542370514 107.06
1542370519 116.52
1542370524 179.34
1542370529 140.44
1542370534 176.84
1542370539 143.07
1542370544 191.0
1542370549 163.35
1542370554 147.33
1542370559 172.9
1542370564 116.29
1542370569 199.45
1542370574 160.62
1542370579 154.06
1542370584 148.53
1542370589 176.77
1542370594 113.44
1542370599 150.89
1542370604 188.18
1542370609 177.87
1542370614 127.61
1542370619 199.91
1542370624 128.76
1542370629 199.98
1542370634 132.44
1542370639 150.06
1542370644 142.79
1542370649 129.41
1542370654 140.2
1542370659 152.72
1542370664 163.69
1542370669 119.38
1542370674 124.08
1542370679 105.07
1542370684 190.05
1542370689 137.88
1542370694 104.64
1542370699 168.47
1542370704 113.8
1542370709 174.75
1542370714 157.17
1542370719 168.32
1542370724 181.13
1542370729 162.35
1542370734 149.82
1542370739 126.5
1542370744 187.1
1542370749 150.76
1542370754 107.4
1542370759 181.29
1542370764 170.92
1542370769 172.34
1542370774 176.54
1542370779 126.98
1542370784 148.53
1542370789 175.17
1542370794 106.85
1542370799 146.78
1542370804 182.22
1542370809 175.91
1542370814 183.47
1542370819 171.31
1542370824 102.45
1542370829 193.48
1542370834 175.16
1542370839 145.83
1542370844 192.68
1542370849 162.95
1542370854 169.54
1542370859 185.85
1542370864 128.37
1542370869 135.55
1542370874 185.56
1542370879 170.68
1542370884 160.88
1542370889 179.15
1542370894 151.2
1542370899 178.4
1542370904 162.95
1542370909 194.11
1542370914 117.49
1542370919 188.21
1542370924 173.25
1542370929 132.34
1542370934 185.81
1542370939 189.29
1542370944 167.36
1542370949 174.67
1542370954 148.54
1542370959 133.2
1542370964 112.4
1542370969 143.75
1542370974 157.9
1542370979 129.44
1542370984 158.08
1542370989 194.7
1542370994 155.89
1542370999 120.68
1542371004 159.39
1542371009 167.07
1542371014 151.33
1542371019 124.3
1542371024 102.66
1542371029 140.47
1542371034 160.34
1542371039 157.28
1542371044 113.2
1542371049 187.3
1542371054 160.42
1542371059 118.3
1542371064 156.61
1542371069 125.6
1542371074 146.69
1542371079 179.21
1542371084 102.3
1542371089 188.6
1542371094 154.51
1542371099 191.05
1542371104 190.07
1542371109 137.02
1542371114 129.06
1542371119 194.54
1542371124 146.61
1542371129 164.84
1542371134 135.42
1542371139 165.89
1542371144 100.91
1542371149 105.36
1542371154 189.29
1542371159 134.44
1542371164 135.64
1542371169 140.66
1542371174 182.98
1542371179 162.78
1542371184 100.99
1542371189 110.3
1542371194 174.87
1542371199 147.16
1542371204 129.05
1542371209 115.87
1542371214 119.55
1542371219 109.27
1542371224 101.15
1542371229 137.5
1542371234 189.78
1542371239 102.19
1542371244 119.54
1542371249 183.23
1542371254 125.51
1542371259 170.44
1542371264 158.06
1542371269 191.72
1542371274 183.11
1542371279 132.87
1542371284 114.94
1542371289 132.29
1542371294 152.71
1542371299 120.61
1542371304 113.11
1542371309 165.03
1542371314 191.15
1542371319 163.78
1542371324 101.13
1542371329 168.13
1542371334 139.93
1542371339 160.59
1542371344 168.57
1542371349 125.23
1542371354 186.65
1542371359 123.05
1542371364 135.26
1542371369 189.03
1542371374 122.04
1542371379 145.61
1542371384 114.23
1542371389 175.54
1542371394 158.67
1542371399 190.88
1542371404 109.63
1542371409 197.16
1542371414 187.81
1542371419 181.09
1542371424 175.16
1542371429 156.1
1542371434 134.64
1542371439 151.9
1542371444 109.55
1542371449 173.0
1542371454 139.68
1542371502 176.93
1542371507 155.98
1542371512 106.94
1542371517 170.03
1542371522 148.05
1542371527 124.63
1542371532 139.64
1542371537 181.84
1542371542 197.21
1542371547 152.72
1542371552 193.04
1542371557 196.91
1542371562 118.46
1542371567 106.63
1542371572 158.84
1542371577 190.32
1542371582 109.19
1542371587 113.34
1542371592 180.98
1542371597 182.89
1542371602 191.2
1542371607 169.11
1542371612 163.48
1542371617 137.81
1542371622 181.82
1542371627 112.55
1542371632 191.12
1542371637 140.42
1542371642 117.07
1542371647 195.13
1542371652 137.58
1542371657 147.18
1542371662 195.69
1542371667 191.11
1542371672 132.41
1542371677 119.87
1542371682 142.32
1542371687 104.82
1542371692 195.98
1542371697 121.63
1542371702 111.56
1542371707 148.41
1542371712 180.28
1542371717 138.14
1542371722 137.28
1542371727 131.55
1542371732 167.56
1542371737 140.29
1542371742 114.64
1542371747 125.73
1542371752 156.53
1542371757 112.77
1542371762 124.45
1542371767 176.41
1542371772 103.72
1542371777 181.32
1542371782 133.53
1542371787 116.57
1542371792 185.92
1542371797 166.48
1542371802 139.63
1542371807 133.67
1542371812 178.79
1542371817 147.46
1542371822 152.97
1542371827 100.73
1542371832 163.18
1542371837 188.16
1542371842 139.24
1542371847 192.35
1542371852 144.39
1542371857 143.43
1542371862 129.24
1542371867 128.19
1542371872 172.73
1542371877 147.04
1542371882 182.16
1542371887 123.13
1542371892 175.41
1542371897 160.04
1542371902 124.97
1542371907 137.73
1542371912 190.25
1542371917 148.2
1542371922 193.22
1542371927 151.85
1542371932 161.05
1542371937 195.66
1542371942 144.88
1542371947 169.35
1542371952 119.82
1542371957 188.3
1542371962 149.56
1542371967 131.02
1542371972 178.56
1542371977 100.65
1542371982 171.42
1542371987 156.2
1542371992 129.76
1542371997 186.18
1542372002 128.93
1542372007 128.73
1542372012 100.7
1542372017 145.38
1542372022 105.44
1542372027 113.35
1542372032 117.78
1542372037 149.87
1542372042 146.63
1542372047 192.35
1542372052 106.52
1542372057 107.23
1542372062 142.17
1542372067 112.97
1542372072 194.35
1542372077 104.0
1542372082 179.21
1542372087 167.69
1542372092 130.1
1542372097 128.32
1542372102 166.41
1542372107 135.85
1542372112 142.61
1542372117 143.64
1542372122 110.79
1542372127 184.83
1542372132 135.99
1542372137 156.66
1542372142 168.52
1542372147 136.56
1542372152 163.46
1542372157 192.15
1542372162 188.14
1542372167 159.61
1542372172 193.27
1542372177 100.15
1542372182 184.24
1542372187 175.54
1542372192 187.46
1542372197 109.67
1542372202 100.68
1542372207 123.74
1542372212 192.14
1542372217 149.07
1542372222 121.46
1542372227 145.09
1542372232 131.3
1542372237 189.22
1542372242 128.92
1542372247 118.64
1542372252 103.94
1542372257 114.14
1542372262 181.18
1542372267 128.13
1542372272 102.95
1542372277 103.46
1542372282 174.15
1542372287 105.7
1542372292 186.96
1542372297 109.91
1542372302 178.01
1542372307 168.79
1542372312 180.93
1542372317 181.76
1542372322 166.18
1542372327 192.89
1542372332 136.61
1542372337 195.51
1542372342 168.49
1542372347 178.74
1542372352 105.9
1542372357 102.56
1542372362 109.96
1542372367 157.83
1542372372 177.48
1542372377 165.91
1542372382 144.83
1542372387 183.9
1542372392 152.75
1542372397 142.02
1542372402 153.19
1542372407 104.61
1542372412 164.81
1542372417 171.52
1542372422 122.61
1542372427 191.92
1542372432 108.13
1542372437 175.42
1542372442 177.96
1542372447 157.25
1542372452 179.53
1542372457 103.32
1542372462 166.09
1542372467 152.82
1542372472 175.83
1542372477 125.61
1542372482 181.19
1542372487 156.43
1542372492 148.42
1542372497 155.81
1542372502 105.58
1542372507 190.02
1542372640 103.66
1542372645 184.14
1542372650 130.16
1542372655 146.37
1542372660 128.9
1542372665 105.34
1542372670 195.6
1542372675 143.03
1542372680 192.35
1542372685 148.69
1542372690 111.51
1542372695 118.42
1542372700 189.25
1542372705 178.82
1542372710 155.14
1542372715 171.01
1542372720 176.71
1542372725 117.35
1542372730 100.8
1542372735 195.25
1542372740 125.48
1542372745 127.3
1542372750 156.15
1542372755 133.51
1542372760 133.53
1542372765 116.24
1542372770 146.55
1542372775 195.52
1542372780 152.85
1542372785 152.47
1542372790 118.44
1542372795 136.01
1542372800 178.28
1542372805 182.97
1542372810 101.65
1542372815 100.25
1542372820 116.86
1542372825 130.7
1542372830 186.71
1542372835 133.71
1542372840 119.29
1542372845 157.26
1542372850 179.72
1542372855 181.15
1542372860 126.43
1542372865 190.26
1542372870 177.65
1542372875 131.8
1542372880 170.73
1542372885 192.17
1542372890 194.76
1542372895 198.09
1542372900 181.51
1542372905 135.47
1542372910 197.5
1542372915 182.22
1542372920 139.22
1542372925 136.47
1542372930 174.94
1542372935 173.66
1542372940 141.81
1542372945 131.88
1542372950 189.91
1542372955 118.37
1542372960 124.52
1542372965 192.37
1542372970 197.9
1542372975 132.3
1542372980 161.11
1542372985 138.87
1542372990 193.25
1542372995 144.29
1542373000 128.68
1542373005 166.84
1542373010 163.72
1542373015 190.48
1542373020 124.79
1542373025 149.46
1542373030 118.86
1542373035 190.35
1542373040 190.01
1542373045 142.95
1542373050 140.87
1542373055 192.95
1542373060 151.36
1542373065 122.47
1542373070 188.69
1542373075 196.58
1542373080 189.84
1542373085 147.38
1542373090 110.03
1542373095 181.5
1542373100 198.28
1542373105 184.99
1542373110 161.62
1542373115 109.41
1542373120 127.07
1542373125 185.89
1542373130 140.55
1542373135 198.21
1542373140 106.47
1542373145 112.95
1542373150 154.12
1542373155 104.95
1542373160 194.24
1542373165 185.95
1542373170 197.29
1542373175 172.86
1542373180 110.4
1542373185 155.29
1542373190 146.7
1542373195 136.53
1542373200 196.68
1542373206 107.62
1542373211 143.14
1542373216 134.01
1542373221 133.48
1542373226 192.41
1542373231 174.06
1542373236 161.58
1542373241 167.68
1542373246 122.0
1542373251 165.33
1542373256 160.48
1542373261 153.46
1542373266 165.54
1542373271 130.79
1542373276 101.44
1542373281 167.96
1542373286 154.83
1542373291 100.32
1542373296 148.26
1542373301 181.77
1542373306 131.65
1542373311 172.71
1542373316 152.85
1542373321 167.16
1542373326 167.22
1542373331 109.43
1542373336 196.84
1542373341 117.31
1542373346 120.5
1542373351 153.01
1542373356 197.33
1542373361 171.48
1542373366 143.08
1542373371 129.53
1542373376 177.42
1542373381 181.59
1542373386 138.23
1542373391 162.22
1542373396 155.44
1542373401 127.92
1542373406 198.58
1542373411 167.56
1542373416 176.18
1542373421 173.04
1542373426 185.46
1542373431 192.87
1542373436 169.2
1542373441 152.9
1542373446 165.2
1542373451 153.08
1542373456 154.15
1542373461 199.13
1542373466 117.35
1542373471 173.06
1542373476 112.66
1542373481 136.48
1542373486 105.42
1542373491 148.53
1542373496 190.73
1542373501 107.32
1542373506 185.48
1542373511 183.61
1542373516 140.82
1542373521 132.48
1542373526 113.94
1542373531 153.56
1542373536 136.92
1542373541 107.31
1542373546 110.29
1542373551 102.52
1542373556 123.01
1542373561 164.82
1542373566 155.97
1542373571 131.1
1542373576 155.45
1542373581 181.31
1542373586 114.22
1542373591 168.85
1542373596 191.75
1542373601 197.33
1542373606 112.64
1542373611 151.93
1542373616 136.68
1542373621 196.94
1542373626 169.18
1542373631 183.6
1542373636 106.43
1542373641 179.06
1542373646 146.83
1542373651 185.05
1542373656 198.71
1542373661 138.36
1542373666 139.41
1542373671 170.38
1542373676 195.64
1542373681 119.32
1542373686 162.21
1542373691 142.08
1542373696 150.76
1542373701 113.07
1542373706 157.4
1542373711 172.89
1542373716 195.76
1542373721 168.4
1542373726 169.23
1542373731 179.68
1542373736 164.64
1542373741 188.79
1542373746 126.92
1542373751 104.31
1542373756 136.78
1542373761 112.13
1542373766 106.93
1542373771 128.91
1542373776 196.63
1542373781 118.31
1542373786 166.94
1542373791 166.38
1542373796 152.64
1542373801 174.95
1542373806 147.49
1542373811 110.51
1542373816 131.54
1542373821 144.37
1542373826 178.67
1542377456 101.67
1542377461 188.98
1542377466 110.19
1542377471 132.53
1542377476 135.03
1542377481 183.31
1542377486 154.81
1542377491 150.74
1542377496 129.38
1542377501 164.79
1542377506 133.54
1542377511 188.65
1542377516 152.38
1542377521 186.74
1542377526 136.81
1542377531 171.51
1542377536 139.61
1542377541 106.38
1542377546 114.35
1542377551 131.24
1542377556 125.41
1542377561 122.92
1542377566 193.99
1542377571 153.54
1542377576 136.05
1542377581 197.63
1542377586 136.72
1542377591 103.09
1542377596 181.69
1542377601 167.34
1542377606 154.17
1542377611 117.11
1542377616 112.83
1542377621 112.94
1542377626 173.98
1542377631 158.1
1542377636 135.54
1542377641 112.59
1542377646 114.43
1542377651 152.38
1542377656 150.89
1542377661 124.24
1542377666 160.62
1542377671 167.32
1542377676 142.51
1542377681 187.58
1542377686 194.25
1542377691 171.74
1542377696 135.17
1542377701 104.86
1542377706 167.29
1542377963 101.46
1542377968 149.13
1542377973 146.89
1542377978 195.08
1542377983 194.57
1542377988 179.07
1542377993 167.29
1542377998 182.51
1542378003 118.16
1542378008 109.93
1542378013 185.64
1542378018 153.18
1542378023 129.07
1542378028 142.51
1542378033 166.48
1542378038 159.55
1542378043 173.31
1542378048 123.19
1542378053 119.5
1542378058 137.11
1542378063 137.87
1542378068 197.37
1542378073 100.2
1542378078 172.95
1542378083 115.51
1542378088 104.04
1542378093 141.95
1542378098 192.11
1542378103 109.25
1542378108 172.19
1542378113 191.95
1542378118 190.84
1542378123 192.37
1542378128 156.25
1542378133 155.23
1542378138 197.2
