1542237924 67.1
1542237927 17.96
1542237930 48.58
1542237933 98.45
1542237936 58.08
1542237939 22.48
1542237942 7.58
1542237945 37.63
1542237948 36.75
1542237951 95.31
1542237954 78.02
1542237957 68.82
1542237960 65.79
1542237963 29.55
1542237966 87.91
1542237969 47.28
1542237972 39.92
1542237975 7.36
1542237978 56.87
1542237981 88.22
1542237984 2.91
1542237987 81.17
1542237990 66.58
1542237993 63.64
1542237996 28.3
1542237999 84.43
1542238002 22.45
1542238005 87.51
1542238008 40.84
1542238011 55.54
1542238014 55.07
1542238017 31.32
1542238020 35.02
1542238023 35.54
1542238026 27.04
1542238029 74.08
1542238032 72.71
1542238035 40.57
1542238038 76.59
1542238041 85.14
1542238044 88.9
1542238047 15.07
1542238050 29.67
1542238053 44.65
1542238056 7.17
1542238059 48.86
1542238062 62.79
1542238065 86.58
1542238068 87.05
1542238071 31.95
1542238074 30.82
1542238077 42.1
1542238080 56.73
1542238083 16.39
1542238086 26.86
1542238089 10.68
1542238092 34.38
1542238095 31.35
1542238098 99.78
1542238101 93.93
1542238104 20.16
1542238107 89.53
1542238110 90.33
1542238113 31.55
1542238116 43.7
1542238119 11.45
1542238122 5.26
1542238125 26.87
1542238128 28.22
1542238131 7.14
1542238134 82.43
1542238137 4.27
1542238140 47.94
1542238143 61.25
1542238146 9.01
1542238149 93.34
1542238152 97.36
1542238155 36.1
1542238158 45.62
1542238161 32.08
1542238164 10.43
1542238167 30.89
1542238170 28.49
1542238173 24.48
1542238176 50.66
1542238179 26.76
1542238182 47.62
1542238185 7.07
1542238188 75.42
1542238191 21.16
1542238194 93.76
1542238197 27.03
1542238200 12.92
1542238203 87.03
1542238206 46.99
1542238209 95.89
1542238212 9.27
1542238215 99.28
1542238218 12.38
1542238221 8.12
1542238224 54.44
1542238227 2.64
1542238230 51.92
1542238233 80.62
1542238236 53.1
1542238239 23.75
1542238242 79.53
1542238245 3.72
1542238248 74.5
1542238251 85.62
1542238254 7.46
1542238257 23.83
1542238260 98.32
1542238263 97.87
1542238266 2.72
1542238269 42.85
1542238272 92.52
1542238275 5.59
1542238278 47.74
1542238281 5.57
1542238284 15.77
1542238287 47.41
1542238290 82.02
1542238293 51.24
1542238296 59.29
1542238299 30.29
1542238302 70.77
1542238305 81.32
1542238308 37.5
1542238311 79.83
1542238314 44.78
1542238317 91.76
1542238320 89.76
1542238323 39.82
1542238326 24.49
1542238329 45.63
1542238332 51.69
1542238335 45.01
1542238338 69.76
1542238341 81.93
1542238344 29.02
1542238347 88.99
1542238350 94.86
1542238353 39.3
1542238356 9.32
1542238359 25.33
1542238362 5.15
1542238365 50.74
1542238368 23.5
1542238371 62.02
1542238374 65.54
1542238377 61.96
1542238380 6.27
1542238383 27.13
1542238386 35.53
1542238389 22.67
1542238392 69.44
1542238395 99.96
1542238398 49.79
1542238401 49.07
1542238404 30.63
1542238407 31.84
1542238410 88.77
1542238413 97.47
1542238416 27.58
1542238419 74.76
1542238422 2.52
1542238425 21.69
1542238428 80.24
1542238431 4.01
1542238434 2.78
1542238437 11.37
1542238440 44.69
1542238443 94.72
1542238446 4.71
1542238449 98.84
1542238452 21.08
1542238455 26.73
1542238458 26.65
1542238461 92.62
1542238464 16.39
1542238467 85.48
1542238470 37.19
1542238473 12.19
1542238476 72.1
1542238479 25.48
1542238482 53.6
1542238485 2.04
1542238488 8.45
1542238491 5.93
1542238494 50.25
1542238497 97.61
1542238500 35.8
1542238503 92.8
1542238506 96.76
1542238509 85.45
1542238512 66.81
1542238515 36.74
1542238518 43.6
1542238521 40.41
1542238524 35.91
1542238527 97.63
1542238530 83.24
1542238533 46.86
1542238536 61.13
1542238539 11.83
1542238542 87.05
1542238545 33.78
1542238548 26.26
1542238551 46.7
1542238554 77.98
1542238557 38.47
1542238560 25.28
1542238563 78.68
1542238566 50.27
1542238569 65.54
1542238572 12.77
1542238575 74.28
1542238578 6.2
1542238581 59.88
1542238584 3.78
1542238587 86.53
1542238590 55.98
1542238593 24.58
1542238596 94.27
1542238599 19.49
1542238602 98.12
1542238605 73.29
1542238608 59.58
1542238611 89.28
1542238614 96.19
1542238617 82.39
1542238620 23.92
1542238623 19.8
1542238626 30.73
1542238629 86.64
1542238632 37.31
1542238635 39.17
1542238638 76.97
1542238641 40.56
1542238644 77.72
1542238647 44.07
1542238650 52.6
1542238653 75.22
1542238656 47.62
1542238659 6.79
1542238662 70.01
1542238665 92.07
1542238668 39.12
1542238671 56.93
1542238674 91.11
1542238677 97.79
1542238680 76.25
1542238683 62.02
1542238686 35.0
1542238689 34.06
1542238692 91.61
1542238695 25.31
1542238698 7.25
1542238701 30.94
1542238704 98.22
1542238707 13.29
1542238710 19.31
1542238713 54.0
1542238716 10.26
1542238719 8.57
1542238722 57.27
1542238725 16.21
1542238728 84.84
1542238731 47.04
1542238734 77.31
1542238737 42.77
1542238741 1.1
1542238744 29.34
1542238747 91.89
1542238750 92.63
1542238753 94.48
1542238756 15.64
1542238759 58.55
1542238762 70.64
1542238765 5.73
1542238768 84.78
1542238771 29.92
1542238774 6.14
1542238777 80.09
1542238780 53.9
1542238783 17.0
1542238786 34.35
1542238789 3.02
1542238792 49.89
1542238795 41.74
1542238798 27.73
1542238801 14.18
1542238804 33.73
1542238807 78.92
1542238810 93.12
1542238813 76.2
1542238816 16.41
1542238819 84.9
1542238822 80.9
1542238825 75.82
1542238828 61.57
1542238831 90.23
1542238834 55.58
1542238837 17.11
1542238840 15.64
1542238843 51.77
1542238846 17.4
1542238849 35.99
1542238852 71.09
1542238855 7.31
1542238858 21.12
1542238861 4.31
1542238864 36.99
1542238867 58.78
1542238870 70.71
1542238873 63.65
1542238876 67.21
1542238879 95.14
1542238882 91.1
1542238885 89.78
1542242487 91.62
1542255307 6.76
1542255310 16.41
1542262506 63.63
1542272026 97.79
1542272029 24.56
1542272032 51.33
1542272037 10.86
1542272040 31.82
1542272043 66.01
1542272046 3.71
1542272049 15.37
1542272052 38.83
1542272055 59.83
1542272058 21.26
1542272061 59.57
1542272064 43.7
1542272067 52.39
1542272070 13.68
1542272073 43.43
1542272076 92.87
1542273239 90.8
1542273242 87.28
1542273245 25.79
1542273248 4.01
1542273251 82.29
1542273254 28.05
1542277996 32.97
1542277999 73.47
1542278002 97.93
1542278005 63.54
1542278008 75.27
1542278011 72.82
1542278016 8.88
1542278019 36.46
1542278022 97.37
1542278025 95.19
1542278028 49.47
1542278031 13.69
1542278034 8.34
1542278037 26.8
1542278040 65.36
1542278043 22.7
1542278046 97.59
1542278049 52.79
1542278052 24.87
1542278055 92.42
1542278058 58.99
1542278061 76.21
1542278064 32.85
1542278067 42.93
1542278070 99.24
1542278073 71.23
1542278076 52.39
1542278079 43.8
1542278082 64.04
1542278085 83.0
1542278088 9.13
1542278091 13.71
1542278094 90.78
1542278097 31.49
1542278100 27.03
1542278103 42.86
1542278106 24.8
1542278109 64.81
1542278112 96.19
1542278115 93.27
1542278118 19.81
1542278121 32.61
1542278124 59.85
1542278127 14.19
1542278130 77.33
1542278133 82.99
1542278136 67.58
1542278139 65.79
1542278142 41.83
1542278145 4.44
1542278148 80.91
1542278151 45.66
1542278154 14.67
1542278157 35.23
1542278160 49.09
1542278163 9.55
1542278166 9.82
1542278169 44.09
1542278172 32.67
1542278175 14.27
1542278178 16.59
1542278181 68.27
1542278184 52.33
1542278187 77.05
1542278190 31.01
1542278193 89.19
1542278196 86.54
1542278199 36.94
1542278202 51.01
1542278205 18.84
1542278208 8.47
1542278211 26.19
1542278214 52.18
1542278217 56.13
1542278220 84.03
1542278223 86.22
1542278226 53.5
1542278229 2.19
1542278232 85.39
1542278235 61.79
1542278238 25.09
1542278241 81.97
1542278244 76.41
1542278247 60.97
1542278250 71.03
1542278253 34.71
1542278256 83.08
1542278259 87.08
1542278262 77.02
1542278265 33.68
1542278268 31.97
1542278271 89.56
1542278274 34.62
1542278277 43.18
1542278280 84.28
1542278283 38.4
1542278285 59.46
1542278288 73.69
1542278291 12.75
1542278294 5.67
1542278297 31.37
1542278300 85.53
1542278303 9.82
1542278306 16.78
1542278309 66.38
1542278312 36.09
1542278315 81.61
1542278318 81.97
1542278321 36.98
1542278324 99.57
1542278327 65.4
1542278330 15.63
1542278333 17.11
1542278336 56.63
1542278339 49.04
1542282563 71.63
1542282566 6.8
1542282569 1.29
1542282572 15.27
1542282575 34.42
1542282578 80.26
1542282581 96.96
1542282584 19.6
1542282587 56.09
1542282590 90.79
1542282593 65.95
1542282596 62.26
1542282599 45.66
1542282602 35.55
1542282605 87.12
1542282608 41.07
1542282611 89.92
1542282614 40.55
1542282617 64.05
1542282620 39.55
1542282623 43.7
1542282626 70.89
1542282629 67.93
1542282632 63.77
1542282635 71.53
1542282638 65.95
1542282641 90.3
1542282644 91.69
1542282647 40.92
1542282650 83.34
1542282653 95.22
1542282656 82.79
1542282659 77.93
1542282662 66.28
1542282665 97.33
1542282668 18.74
1542282671 75.12
1542282674 14.55
1542282677 32.76
1542282680 99.2
1542282683 66.49
1542282686 49.63
1542282689 45.32
1542282692 65.54
1542282695 68.07
1542282698 44.52
1542282701 50.79
1542282704 94.18
1542282707 99.84
1542282710 10.26
1542282713 81.7
1542282716 36.71
1542282719 84.49
1542282722 89.72
1542282725 13.14
1542282728 18.99
1542282731 37.75
1542282734 49.38
1542282737 15.31
1542282740 57.04
1542282743 92.3
1542282746 58.27
1542282749 13.64
1542282752 40.1
1542282755 56.93
1542282758 15.23
1542282761 55.5
1542282764 34.67
1542282767 29.13
1542282770 26.8
1542282773 79.1
1542282776 11.93
1542282779 76.72
1542282782 85.41
1542282785 48.68
1542282788 62.43
1542282791 65.85
1542282794 29.39
1542282797 69.42
1542282800 19.54
1542282803 62.32
1542282806 62.39
1542282809 16.67
1542282812 88.3
1542282815 39.05
1542282818 48.08
1542282821 42.58
1542282824 3.87
1542282827 68.06
1542282830 98.49
1542282833 63.55
1542282836 81.32
1542282839 30.57
1542282842 37.34
1542282845 27.62
1542282848 80.16
1542282851 42.12
1542282854 71.94
1542282857 76.84
1542282860 32.58
1542282863 22.11
1542282866 93.5
1542282869 55.17
1542282872 52.76
1542282875 14.21
1542282878 78.04
1542282881 11.5
1542282884 66.1
1542282887 48.89
1542282890 83.52
1542282893 28.49
1542282896 95.06
1542282899 61.71
1542282902 4.37
1542282905 31.3
1542282908 52.04
1542282911 41.75
1542282914 17.53
1542282917 14.96
1542282920 42.07
1542282923 39.6
1542282926 96.55
1542282929 71.53
1542282932 52.67
1542282935 97.3
1542282938 68.71
1542282941 78.75
1542282944 67.11
1542282947 49.37
1542282950 89.5
1542282953 20.64
1542282956 50.82
1542282959 44.36
1542282962 75.75
1542282965 3.76
1542282968 2.27
1542282971 57.34
1542282974 31.51
1542282977 39.52
1542293215 89.83
1542293218 76.9
1542293221 65.97
1542293224 54.38
1542293227 97.66
1542293232 22.11
1542293235 21.26
1542293238 77.65
1542293241 4.69
1542293244 66.62
1542293247 46.08
1542293250 51.44
1542293253 19.88
1542293256 15.14
1542293259 68.13
1542369189 71.56
1542369192 88.0
1542369195 81.79
1542369198 27.68
1542369201 11.13
1542369204 38.63
1542369207 81.49
1542369210 37.39
1542369213 51.11
1542369216 52.37
1542369219 16.35
1542369222 52.18
1542369225 69.55
1542369228 11.45
1542369231 59.4
1542369234 37.05
1542369237 95.79
1542369240 63.57
1542369243 12.66
1542369246 85.71
1542369249 21.61
1542369252 38.0
1542369255 48.37
1542369258 41.71
1542369261 62.21
1542369264 11.65
1542369267 88.71
1542369270 35.1
1542369273 47.41
1542369276 62.48
1542369279 28.99
1542369282 28.44
1542369285 68.01
1542369288 51.02
1542369291 3.69
1542369294 69.54
1542369297 68.38
1542369300 36.42
1542369303 94.52
1542369306 28.12
1542369309 33.91
1542369312 46.61
1542369315 10.94
1542369318 21.29
1542369321 72.12
1542369324 72.32
1542369327 89.19
1542369330 68.89
1542369333 8.32
1542369336 65.58
1542369339 12.54
1542369342 52.27
1542369345 49.34
1542369348 59.44
1542369351 73.5
1542369354 3.77
1542369357 3.35
1542369360 17.53
1542369363 68.69
1542369366 18.29
1542369369 88.69
1542369372 46.0
1542369375 44.9
1542369378 69.27
1542369381 5.14
1542369384 83.0
1542369387 97.85
1542369390 26.92
1542369393 81.75
1542369396 24.18
1542369399 77.25
1542369402 53.11
1542369405 9.05
1542369408 2.82
1542369411 6.66
1542369414 81.46
1542369417 23.21
1542369420 88.99
1542369423 6.4
1542369426 10.76
1542369429 86.45
1542369433 93.92
1542369436 23.16
1542369439 78.45
1542369442 8.24
1542369445 10.44
1542369448 29.48
1542369451 44.28
1542369454 25.5
1542369457 73.97
1542369460 90.62
1542369463 57.33
1542369466 13.44
1542369469 71.53
1542369472 21.07
1542369475 86.92
1542369478 36.91
1542369481 4.4
1542369484 75.65
1542369487 74.7
1542369859 56.37
1542369862 7.48
1542369865 74.07
1542369868 34.95
1542369871 65.98
1542369874 15.74
1542369877 67.56
1542369879 32.98
1542369882 43.46
1542369885 47.51
1542369888 68.8
1542369891 41.43
1542369894 33.83
1542369897 30.9
1542369900 26.39
1542369903 75.78
1542369906 31.52
1542369909 5.84
1542369912 24.56
1542369915 26.88
1542369918 10.24
1542369921 5.85
1542369924 97.93
1542369928 87.06
1542369931 56.1
1542369934 5.49
1542369937 88.92
1542369940 88.43
1542369943 66.7
1542369946 57.05
1542369949 57.43
1542369952 73.93
1542369955 45.66
1542369958 51.65
1542369961 53.87
1542369964 22.95
1542369967 24.22
1542369970 8.35
1542369973 14.88
1542369976 25.82
1542369979 8.12
1542369982 97.56
1542369985 36.49
1542369988 51.23
1542369991 3.28
1542369994 53.07
1542369997 74.12
1542370000 44.87
1542370003 52.93
1542370006 52.51
1542370009 34.7
1542370012 81.27
1542370015 31.57
1542370018 12.37
1542370021 44.65
1542370024 64.19
1542370027 70.54
1542370030 46.57
1542370033 50.61
1542370036 81.35
1542370039 16.13
1542370042 42.97
1542370045 63.63
1542370048 94.01
1542370051 87.48
1542370054 34.8
1542370057 90.63
1542370060 13.89
1542370063 29.81
1542370066 1.79
1542370069 34.69
1542370072 52.9
1542370075 32.13
1542370078 43.17
1542370081 48.0
1542370084 4.96
1542370087 82.35
1542370090 47.18
1542370093 27.22
1542370096 49.13
1542370099 59.74
1542370102 85.18
1542370105 39.11
1542370108 88.25
1542370111 22.49
1542370114 99.99
1542370117 45.93
1542370120 58.5
1542370123 2.79
1542370126 46.91
1542370129 77.31
1542370132 2.71
1542370135 79.71
1542370138 3.15
1542370141 63.17
1542370144 33.06
1542370147 90.17
1542370150 38.47
1542370153 62.37
1542370156 45.77
1542370159 28.68
1542370162 93.01
1542370165 2.22
1542370168 58.2
1542370171 89.09
1542370174 11.71
1542370177 11.69
1542370180 84.54
1542370183 66.45
1542370186 16.41
1542370189 27.76
1542370192 89.61
1542370195 61.0
1542370198 1.77
1542370201 58.66
1542370204 16.66
1542370207 34.35
1542370210 13.09
1542370213 68.85
1542370216 46.12
1542370219 68.16
1542370222 8.98
1542370225 31.67
1542370228 2.24
1542370231 90.95
1542370234 92.23
1542370237 67.19
1542370240 81.64
1542370243 33.07
1542370246 48.95
1542370249 23.97
1542370252 37.39
1542370255 59.55
1542370258 28.28
1542370261 37.11
1542370264 3.13
1542370267 52.88
1542370270 2.06
1542370273 53.02
1542370276 22.92
1542370279 66.29
1542370282 27.42
1542370285 76.6
1542370288 17.76
1542370291 75.19
1542370294 23.19
1542370297 73.52
1542370300 32.67
1542370303 69.45
1542370306 11.69
1542370309 79.0
1542370312 44.77
1542370315 15.97
1542370318 72.67
1542370321 15.44
1542370324 1.77
1542370327 59.05
1542370330 62.33
1542370333 56.62
1542370336 52.59
1542370339 10.69
1542370342 11.12
1542370345 59.5
1542370348 41.08
1542370351 97.29
1542370354 75.22
1542370357 74.45
1542370360 84.9
1542370363 21.47
1542370366 52.36
1542370369 6.24
1542370372 45.92
1542370375 84.97
1542370378 65.51
1542370381 25.45
1542370384 20.85
1542370387 28.31
1542370390 94.94
1542370393 85.42
1542370396 76.07
1542370399 98.21
1542370402 35.44
1542370405 44.57
1542370408 79.94
1542370411 20.93
1542370414 26.53
1542370417 5.46
1542370420 63.72
1542370423 11.23
1542370426 98.93
1542370429 12.39
1542370432 99.42
1542370435 2.23
1542370438 48.15
1542370441 24.12
1542370444 58.48
1542370447 68.55
1542370450 50.34
1542370453 44.66
1542370456 5.04
1542370459 58.46
1542370462 74.1
1542370465 90.57
1542370468 23.02
1542370471 4.99
1542370474 52.66
1542370477 95.94
1542370480 22.2
1542370483 28.05
1542370486 22.36
1542370489 11.74
1542370492 79.42
1542370495 26.23
1542370498 58.64
1542370501 27.64
1542370504 60.13
1542370507 74.1
1542370510 39.31
1542370513 80.35
1542370516 52.57
1542370519 4.85
1542370522 26.53
1542370525 42.84
1542370528 61.92
1542370531 20.53
1542370534 42.07
1542370537 8.12
1542370540 66.15
1542370543 93.23
1542370546 1.61
1542370549 46.05
1542370552 81.84
1542370555 8.54
1542370558 87.79
1542370561 79.27
1542370564 89.45
1542370567 93.92
1542370570 9.61
1542370573 59.95
1542370576 2.34
1542370579 13.31
1542370582 64.32
1542370585 96.59
1542370588 58.29
1542370591 75.41
1542370594 32.59
1542370597 60.5
1542370600 8.54
1542370603 81.05
1542370606 81.51
1542370609 77.87
1542370612 23.08
1542370615 60.05
1542370618 44.02
1542370621 80.92
1542370624 18.61
1542370627 25.48
1542370630 76.47
1542370633 81.39
1542370636 59.03
1542370639 16.6
1542370642 45.98
1542370645 59.38
1542370648 50.09
1542370651 93.48
1542370654 67.01
1542370657 71.78
1542370660 47.82
1542370663 91.77
1542370666 36.17
1542370669 30.75
1542370672 81.67
1542370675 41.31
1542370678 13.5
1542370681 87.64
1542370684 24.8
1542370687 11.49
1542370690 2.19
1542370693 6.62
1542370696 43.01
1542370699 67.51
1542370702 35.97
1542370705 52.81
1542370708 51.73
1542370711 38.25
1542370714 49.03
1542370717 35.44
1542370720 64.47
1542370723 74.33
1542370726 47.97
1542370729 2.0
1542370732 94.41
1542370735 63.88
1542370738 51.87
1542370741 21.13
1542370744 13.9
1542370747 48.38
1542370750 37.7
1542370753 51.05
1542370756 47.27
1542370759 97.22
1542370762 40.84
1542370765 46.96
1542370768 87.8
1542370771 87.87
1542370774 56.85
1542370777 81.55
1542370780 82.68
1542370783 23.5
1542370786 12.41
1542370789 71.35
1542370792 26.34
1542370795 93.35
1542370798 94.88
1542370801 80.26
1542370804 29.12
1542370807 15.94
1542370810 44.79
1542370813 33.66
1542370816 47.41
1542370819 15.88
1542370822 96.79
1542370825 27.07
1542370828 42.41
1542370831 87.46
1542370834 4.71
1542370837 43.3
1542370840 10.74
1542370843 14.47
1542370846 50.15
1542370849 96.78
1542370852 79.79
1542370855 38.14
1542370858 32.01
1542370862 30.86
1542370865 91.87
1542370868 5.07
1542370871 2.44
1542370874 47.18
1542370877 99.85
1542370880 76.41
1542370883 36.78
1542370886 30.34
1542370889 96.51
1542370892 93.66
1542370895 59.88
1542370898 5.31
1542370901 88.63
1542370904 68.81
1542370907 86.85
1542370910 99.14
1542370913 55.05
1542370916 37.1
1542370919 32.42
1542370922 50.07
1542370925 88.76
1542370928 74.87
1542370931 98.95
1542370934 5.3
1542370937 67.36
1542370940 55.28
1542370943 47.61
1542370946 3.44
1542370949 31.34
1542370952 26.97
1542370955 33.23
1542370958 26.7
1542370961 42.29
1542370964 67.43
1542370967 72.3
1542370970 22.02
1542370973 44.08
1542370976 98.38
1542370979 74.35
1542370982 61.21
1542370985 22.0
1542370988 43.38
1542370991 16.66
1542370994 80.75
1542370997 31.88
1542371000 89.66
1542371003 95.62
1542371006 55.49
1542371009 66.47
1542371012 32.19
1542371015 36.92
1542371018 71.29
1542371021 35.26
1542371024 82.28
1542371027 95.53
1542371030 73.55
1542371033 61.1
1542371036 81.19
1542371039 91.68
1542371042 77.28
1542371045 31.98
1542371048 44.89
1542371051 33.19
1542371054 87.35
1542371057 11.39
1542371060 5.0
1542371063 87.27
1542371066 10.81
1542371069 51.34
1542371072 22.81
1542371075 1.52
1542371078 90.84
1542371081 34.11
1542371084 8.65
1542371087 34.62
1542371090 59.59
1542371093 29.16
1542371096 20.94
1542371099 41.84
1542371102 67.34
1542371105 68.53
1542371108 7.31
1542371111 12.02
1542371114 6.82
1542371117 49.91
1542371120 99.92
1542371123 65.39
1542371126 64.55
1542371129 1.52
1542371132 89.42
1542371135 88.22
1542371138 84.22
1542371141 16.7
1542371144 74.16
1542371147 26.31
1542371150 79.88
1542371153 46.5
1542371156 15.02
1542371159 29.2
1542371162 53.86
1542371165 6.26
1542371168 9.87
1542371171 12.27
1542371174 28.56
1542371177 41.73
1542371180 43.58
1542371183 88.16
1542371186 24.33
1542371189 41.77
1542371192 97.05
1542371195 77.74
1542371198 45.85
1542371201 28.09
1542371204 33.31
1542371207 80.55
1542371210 9.35
1542371213 86.88
1542371216 61.1
1542371219 20.37
1542371222 90.12
1542371225 12.93
1542371228 91.85
1542371231 18.3
1542371234 51.29
1542371237 9.53
1542371240 57.98
1542371243 35.08
1542371246 58.15
1542371249 50.01
1542371252 49.26
1542371255 76.02
1542371258 32.4
1542371261 43.0
1542371264 5.57
1542371267 22.02
1542371270 31.41
1542371273 80.32
1542371276 93.64
1542371279 31.9
1542371282 1.45
1542371285 43.73
1542371288 71.89
1542371291 43.5
1542371294 44.13
1542371297 61.89
1542371300 59.25
1542371303 82.44
1542371306 55.48
1542371309 62.0
1542371312 86.64
1542371315 27.65
1542371318 51.66
1542371321 42.98
1542371324 82.61
1542371327 29.4
1542371330 9.86
1542371333 5.19
1542371336 43.44
1542371339 26.25
1542371342 5.42
1542371345 94.18
1542371348 22.22
1542371351 51.43
1542371354 41.02
1542371357 73.73
1542371360 85.91
1542371363 11.54
1542371366 11.73
1542371369 79.9
1542371372 84.98
1542371375 91.09
1542371378 7.34
1542371381 37.44
1542371384 37.97
1542371387 7.5
1542371390 88.29
1542371393 57.07
1542371396 35.33
1542371399 57.38
1542371402 57.8
1542371405 86.8
1542371408 27.14
1542371411 8.0
1542371414 34.7
1542371417 34.8
1542371420 17.99
1542371423 45.1
1542371426 20.58
1542371429 67.06
1542371432 98.16
1542371435 82.07
1542371438 66.44
1542371441 6.3
1542371444 44.59
1542371447 11.54
1542371450 7.96
1542371453 54.9
1542371456 35.42
1542371502 10.35
1542371505 61.48
1542371508 67.0
1542371511 44.59
1542371514 57.46
1542371517 71.96
1542371520 79.39
1542371523 75.48
1542371526 36.57
1542371529 11.59
1542371532 48.05
1542371535 74.48
1542371538 12.26
1542371541 44.16
1542371544 71.52
1542371547 90.87
1542371550 57.06
1542371553 69.5
1542371556 84.58
1542371559 87.17
1542371562 65.94
1542371565 77.8
1542371568 15.12
1542371571 35.51
1542371574 66.82
1542371577 58.27
1542371580 66.85
1542371583 41.9
1542371586 41.81
1542371589 54.1
1542371592 77.51
1542371595 4.62
1542371598 65.6
1542371601 27.27
1542371604 9.15
1542371607 89.53
1542371610 50.77
1542371613 97.42
1542371616 30.08
1542371619 86.87
1542371622 20.33
1542371625 91.32
1542371628 9.2
1542371631 1.07
1542371634 95.95
1542371637 88.93
1542371640 6.65
1542371643 23.46
1542371646 77.97
1542371649 44.42
1542371652 55.42
1542371655 31.25
1542371658 17.49
1542371661 56.12
1542371664 22.38
1542371667 59.63
1542371670 91.28
1542371673 62.05
1542371676 90.2
1542371679 15.12
1542371682 62.69
1542371685 34.3
1542371688 92.51
1542371691 21.43
1542371694 26.89
1542371697 22.64
1542371700 59.21
1542371703 99.88
1542371706 75.0
1542371709 64.77
1542371712 30.56
1542371715 4.97
1542371718 50.53
1542371721 61.8
1542371724 90.0
1542371727 77.92
1542371730 60.23
1542371733 67.88
1542371736 11.55
1542371739 97.57
1542371742 13.65
1542371745 23.26
1542371748 71.42
1542371751 32.06
1542371754 90.74
1542371757 63.11
1542371760 24.78
1542371763 13.86
1542371766 96.91
1542371769 78.66
1542371772 97.92
1542371775 58.22
1542371778 94.89
1542371781 74.42
1542371784 43.88
1542371787 23.55
1542371790 79.95
1542371793 40.37
1542371796 34.95
1542371799 35.98
1542371802 29.54
1542371805 96.77
1542371808 32.44
1542371811 97.36
1542371814 61.7
1542371817 26.35
1542371820 68.13
1542371823 97.56
1542371826 63.87
1542371829 42.31
1542371832 30.52
1542371835 68.0
1542371838 12.02
1542371841 6.21
1542371844 28.06
1542371847 95.19
1542371850 37.24
1542371853 39.1
1542371856 29.53
1542371859 35.74
1542371862 43.84
1542371865 13.15
1542371868 16.73
1542371871 41.71
1542371874 43.71
1542371877 86.56
1542371880 80.33
1542371883 44.09
1542371886 78.87
1542371889 72.97
1542371892 69.94
1542371895 38.53
1542371898 35.75
1542371901 42.02
1542371904 33.2
1542371907 94.88
1542371910 57.78
1542371913 53.3
1542371916 11.2
1542371919 65.08
1542371922 45.99
1542371925 92.83
1542371928 53.33
1542371931 29.52
1542371934 86.55
1542371937 7.6
1542371940 99.5
1542371943 84.95
1542371946 31.02
1542371949 46.11
1542371952 22.84
1542371955 6.95
1542371958 60.08
1542371961 13.05
1542371964 9.44
1542371967 11.75
1542371970 87.55
1542371973 67.81
1542371976 28.1
1542371979 75.4
1542371982 37.81
1542371985 30.71
1542371988 24.27
1542371991 72.47
1542371994 98.77
1542371997 12.34
1542372000 61.28
1542372003 45.38
1542372006 74.03
1542372009 87.94
1542372012 90.2
1542372015 6.09
1542372018 8.06
1542372021 57.25
1542372024 71.34
1542372027 42.5
1542372030 6.4
1542372033 13.36
1542372036 23.46
1542372039 73.32
1542372042 49.9
1542372045 95.06
1542372048 97.75
1542372051 88.36
1542372054 86.09
1542372057 5.18
1542372060 13.15
1542372063 55.2
1542372066 98.07
1542372069 88.02
1542372072 31.09
1542372075 34.53
1542372078 97.69
1542372081 30.89
1542372084 3.24
1542372087 55.53
1542372090 24.74
1542372093 52.43
1542372096 23.6
1542372099 56.56
1542372102 51.76
1542372105 55.79
1542372108 22.74
1542372111 84.53
1542372114 62.2
1542372117 74.32
1542372120 78.14
1542372123 50.49
1542372126 11.51
1542372129 19.67
1542372132 10.5
1542372135 45.03
1542372138 95.56
1542372141 48.45
1542372144 60.81
1542372147 83.17
1542372150 38.6
1542372153 22.14
1542372156 38.72
1542372159 96.21
1542372162 82.77
1542372165 52.97
1542372168 55.35
1542372171 8.33
1542372174 10.54
1542372177 5.1
1542372180 50.95
1542372183 42.06
1542372186 39.02
1542372189 60.79
1542372192 74.57
1542372195 39.45
1542372198 68.18
1542372201 41.52
1542372204 84.06
1542372207 51.06
1542372210 28.36
1542372213 9.5
1542372216 12.83
1542372219 1.7
1542372222 87.63
1542372225 60.87
1542372228 47.97
1542372231 80.79
1542372234 12.7
1542372237 1.4
1542372240 61.03
1542372243 46.89
1542372246 85.85
1542372249 1.88
1542372252 61.36
1542372255 77.38
1542372258 47.57
1542372261 39.49
1542372264 20.88
1542372267 79.99
1542372270 87.43
1542372273 7.07
1542372276 57.59
1542372279 81.13
1542372282 15.36
1542372285 43.19
1542372288 82.37
1542372291 14.85
1542372294 77.55
1542372297 46.42
1542372300 44.55
1542372303 48.85
1542372306 5.71
1542372309 46.24
1542372312 21.93
1542372315 36.09
1542372318 29.12
1542372321 15.09
1542372324 97.44
1542372327 84.56
1542372330 7.12
1542372333 21.44
1542372336 39.26
1542372339 9.42
1542372342 89.65
1542372345 7.52
1542372348 84.69
1542372351 13.88
1542372354 76.24
1542372357 6.73
1542372360 59.83
1542372363 66.39
1542372366 9.24
1542372369 74.68
1542372372 88.92
1542372375 39.83
1542372378 22.87
1542372381 87.9
1542372384 7.12
1542372387 27.85
1542372390 55.69
1542372393 25.04
1542372396 89.74
1542372399 28.37
1542372402 50.44
1542372405 81.55
1542372408 6.01
1542372411 87.66
1542372414 30.38
1542372418 83.94
1542372421 74.16
1542372424 20.89
1542372427 62.86
1542372430 92.95
1542372433 60.22
1542372436 76.4
1542372439 88.9
1542372442 79.69
1542372445 60.91
1542372448 53.63
1542372451 36.77
1542372454 68.87
1542372457 17.8
1542372460 35.45
1542372463 90.67
1542372466 29.14
1542372469 97.06
1542372472 16.0
1542372475 40.18
1542372478 41.62
1542372481 25.42
1542372484 81.66
1542372487 22.42
1542372490 26.83
1542372493 42.77
1542372496 26.04
1542372499 43.03
1542372502 20.64
1542372505 63.04
1542372508 71.89
1542372511 34.76
1542372640 28.98
1542372643 48.76
1542372646 34.32
1542372649 11.05
1542372652 78.27
1542372655 53.29
1542372658 33.22
1542372661 32.81
1542372664 14.0
1542372667 10.87
1542372670 83.89
1542372673 5.95
1542372676 21.67
1542372679 69.27
1542372682 32.45
1542372685 85.89
1542372688 98.26
1542372691 11.66
1542372694 7.11
1542372697 28.36
1542372700 34.28
1542372703 70.65
1542372706 86.36
1542372709 83.92
1542372712 56.58
1542372715 84.64
1542372718 45.82
1542372721 59.29
1542372724 49.32
1542372727 55.74
1542372730 31.42
1542372733 19.36
1542372736 93.95
1542372739 92.37
1542372742 24.06
1542372745 83.58
1542372748 97.53
1542372751 91.78
1542372754 31.11
1542372757 14.92
1542372760 4.5
1542372763 99.4
1542372766 15.13
1542372769 32.8
1542372772 70.37
1542372775 87.78
1542372778 55.87
1542372781 30.67
1542372784 75.4
1542372787 18.51
1542372790 13.42
1542372793 24.23
1542372796 77.72
1542372799 13.23
1542372802 31.88
1542372805 23.69
1542372808 63.61
1542372811 23.84
1542372814 93.75
1542372817 88.85
1542372820 51.61
1542372823 50.34
1542372826 56.34
1542372829 66.25
1542372832 3.1
1542372835 55.02
1542372838 53.05
1542372841 60.59
1542372844 99.8
1542372847 90.95
1542372850 70.12
1542372853 98.65
1542372856 22.26
1542372859 89.88
1542372862 63.71
1542372865 11.62
1542372868 72.06
1542372871 94.96
1542372874 67.59
1542372877 37.26
1542372880 55.77
1542372883 42.7
1542372886 90.63
1542372889 87.79
1542372892 23.18
1542372895 28.43
1542372898 57.36
1542372901 28.73
1542372904 55.0
1542372907 39.94
1542372910 65.16
1542372913 96.34
1542372916 4.99
1542372919 70.36
1542372922 21.86
1542372925 26.72
1542372928 6.25
1542372931 66.23
1542372934 2.44
1542372937 38.14
1542372940 7.62
1542372943 85.29
1542372946 9.0
1542372949 73.42
1542372952 90.09
1542372955 69.83
1542372958 24.18
1542372961 55.72
1542372964 55.35
1542372967 50.25
1542372970 10.96
1542372973 98.78
1542372976 14.01
1542372979 61.72
1542372982 2.43
1542372985 7.97
1542372988 99.74
1542372991 98.17
1542372994 74.0
1542372997 28.43
1542373000 98.41
1542373003 34.59
1542373006 29.78
1542373009 20.15
1542373012 12.19
1542373015 41.88
1542373018 61.71
1542373021 93.62
1542373024 63.87
1542373027 81.66
1542373030 55.34
1542373033 23.57
1542373036 41.68
1542373039 82.67
1542373042 90.86
1542373045 59.26
1542373048 16.26
1542373051 65.84
1542373055 89.6
1542373058 93.05
1542373061 85.04
1542373064 78.96
1542373067 74.03
1542373070 82.77
1542373073 91.68
1542373076 52.59
1542373079 15.86
1542373082 31.13
1542373085 99.91
1542373088 47.76
1542373091 47.02
1542373094 33.12
1542373097 45.64
1542373100 27.49
1542373103 93.3
1542373106 63.63
1542373109 81.15
1542373112 87.15
1542373115 78.74
1542373118 64.76
1542373121 89.92
1542373124 44.72
1542373127 86.9
1542373130 7.08
1542373133 63.64
1542373136 94.91
1542373139 74.87
1542373142 47.54
1542373145 88.77
1542373148 44.82
1542373151 72.8
1542373154 72.85
1542373157 97.72
1542373160 52.49
1542373163 24.67
1542373166 51.54
1542373169 14.58
1542373172 37.02
1542373175 74.64
1542373178 54.42
1542373181 15.8
1542373184 4.2
1542373187 34.41
1542373190 52.91
1542373193 30.46
1542373196 37.21
1542373199 54.29
1542373202 58.23
1542373205 45.57
1542373208 41.78
1542373211 44.66
1542373214 39.26
1542373217 9.94
1542373220 59.51
1542373223 77.64
1542373226 55.47
1542373229 91.04
1542373232 32.6
1542373235 51.52
1542373238 79.01
1542373241 73.9
1542373244 59.28
1542373247 12.77
1542373250 97.28
1542373253 75.49
1542373256 50.79
1542373259 16.45
1542373262 17.41
1542373265 69.05
1542373268 83.56
1542373271 21.25
1542373274 83.89
1542373277 76.55
1542373280 7.34
1542373283 88.94
1542373286 44.45
1542373289 63.12
1542373292 56.93
1542373295 30.9
1542373298 96.35
1542373301 6.79
1542373304 39.56
1542373307 63.14
1542373310 98.91
1542373313 81.17
1542373316 55.11
1542373319 41.18
1542373322 22.62
1542373325 79.41
1542373328 31.97
1542373331 90.18
1542373334 25.84
1542373337 39.32
1542373340 84.93
1542373343 51.42
1542373346 36.03
1542373349 16.67
1542373352 77.95
1542373355 33.51
1542373358 84.14
1542373361 7.0
1542373364 44.46
1542373367 39.61
1542373370 16.16
1542373373 45.38
1542373376 66.34
1542373379 72.22
1542373382 75.17
1542373385 23.17
1542373388 76.58
1542373391 73.54
1542373394 33.9
1542373397 23.28
1542373400 84.21
1542373403 2.97
1542373406 60.88
1542373409 1.77
1542373412 80.13
1542373415 89.16
1542373418 23.72
1542373421 76.54
1542373424 51.19
1542373427 47.68
1542373430 9.44
1542373433 35.02
1542373436 18.89
1542373439 8.8
1542373442 8.76
1542373445 93.51
1542373448 89.57
1542373451 20.18
1542373454 71.88
1542373457 70.62
1542373460 25.8
1542373463 82.16
1542373466 96.8
1542373469 37.3
1542373472 31.99
1542373475 14.01
1542373478 93.84
1542373481 63.88
1542373484 84.6
1542373487 74.93
1542373490 12.99
1542373493 55.11
1542373496 56.4
1542373499 14.31
1542373502 41.78
1542373505 90.79
1542373508 67.95
1542373511 59.64
1542373514 37.62
1542373517 56.27
1542373520 32.22
1542373523 16.95
1542373526 30.28
1542373529 40.57
1542373532 44.29
1542373535 58.42
1542373538 63.04
1542373541 89.48
1542373544 7.15
1542373547 32.77
1542373550 45.47
1542373553 70.64
1542373556 66.99
1542373559 3.97
1542373562 93.07
1542373565 36.93
1542373568 44.21
1542373571 53.11
1542373574 17.66
1542373577 64.41
1542373580 75.83
1542373583 52.35
1542373586 68.11
1542373589 78.14
1542373592 48.56
1542373595 79.32
1542373598 1.95
1542373601 54.61
1542373604 26.24
1542373607 48.08
1542373610 10.82
1542373613 1.71
1542373616 21.82
1542373619 75.59
1542373622 29.23
1542373625 89.61
1542373628 95.14
1542373631 44.47
1542373634 99.07
1542373637 4.88
1542373640 54.98
1542373643 90.65
1542373646 73.59
1542373649 58.58
1542373652 6.3
1542373655 14.0
1542373658 63.6
1542373661 91.32
1542373664 35.65
1542373667 93.49
1542373670 53.42
1542373673 14.6
1542373676 88.06
1542373679 16.34
1542373682 34.59
1542373685 52.21
1542373688 90.05
1542373691 56.89
1542373694 61.7
1542373697 60.54
1542373700 49.21
1542373703 19.26
1542373706 58.82
1542373709 14.27
1542373712 54.87
1542373715 20.2
1542373718 9.9
1542373721 72.12
1542373724 44.96
1542373727 14.07
1542373730 22.39
1542373733 76.9
1542373736 42.21
1542373739 50.56
1542373742 60.04
1542373745 19.85
1542373748 28.33
1542373751 56.58
1542373754 97.46
1542373757 15.77
1542373760 77.17
1542373763 80.93
1542373766 49.01
1542373769 5.2
1542373772 32.02
1542373775 65.47
1542373778 94.34
1542373781 36.29
1542373784 99.41
1542373787 72.69
1542373790 55.66
1542373793 22.6
1542373796 20.62
1542373799 79.92
1542373802 99.61
1542373805 50.02
1542373808 94.73
1542373811 92.21
1542373814 58.07
1542373817 79.35
1542373820 7.4
1542373823 2.44
1542373826 97.33
1542373829 74.94
1542377456 43.23
1542377459 60.43
1542377462 58.63
1542377465 79.01
1542377468 19.14
1542377471 46.38
1542377474 36.22
1542377477 70.45
1542377480 89.35
1542377483 10.04
1542377486 84.76
1542377489 50.44
1542377492 7.15
1542377495 94.56
1542377498 24.4
1542377501 19.47
1542377504 6.8
1542377507 64.89
1542377510 46.44
1542377513 50.08
1542377516 47.91
1542377519 63.09
1542377522 65.45
1542377525 67.5
1542377528 60.24
1542377531 16.28
1542377534 71.39
1542377537 83.8
1542377540 21.19
1542377543 45.7
1542377546 53.74
1542377549 82.63
1542377552 54.69
1542377555 74.8
1542377558 75.82
1542377561 39.17
1542377564 48.63
1542377567 22.32
1542377570 90.7
1542377573 25.02
1542377576 91.34
1542377579 13.1
1542377582 27.77
1542377585 40.79
1542377588 53.73
1542377591 16.46
1542377594 50.41
1542377597 76.67
1542377600 61.16
1542377603 28.37
1542377606 67.94
1542377609 10.42
1542377612 1.18
1542377615 52.65
1542377618 83.33
1542377621 51.36
1542377624 56.31
1542377627 84.32
1542377630 36.61
1542377633 82.57
1542377636 87.4
1542377639 62.02
1542377642 93.68
1542377645 83.88
1542377648 84.08
1542377651 96.72
1542377654 38.8
1542377657 18.39
1542377660 21.08
1542377663 67.07
1542377666 98.58
1542377669 74.76
1542377672 88.9
1542377675 98.03
1542377678 90.39
1542377681 12.36
1542377684 65.04
1542377687 96.98
1542377690 25.93
1542377693 37.55
1542377696 12.5
1542377699 7.58
1542377702 77.98
1542377705 51.92
1542377708 79.18
1542377963 45.03
1542377966 23.35
1542377969 43.73
1542377972 54.14
1542377975 32.46
1542377978 71.37
1542377981 14.19
1542377984 27.64
1542377987 4.45
1542377990 86.02
1542377993 60.54
1542377996 77.22
1542377999 37.81
1542378002 75.68
1542378005 87.03
1542378008 89.38
1542378011 4.83
1542378014 40.77
1542378017 38.82
1542378020 20.71
1542378023 19.02
1542378026 55.54
1542378029 70.27
1542378032 17.65
1542378035 60.18
1542378038 78.34
1542378041 1.23
1542378044 89.12
1542378047 2.37
1542378050 8.14
1542378053 36.47
1542378056 46.76
1542378059 66.61
1542378062 28.95
1542378065 73.88
1542378068 87.81
1542378071 13.32
1542378074 25.81
1542378077 24.5
1542378080 20.25
1542378083 61.76
1542378086 59.64
1542378089 2.64
1542378092 82.04
1542378095 97.36
1542378098 19.97
1542378101 64.28
1542378104 42.26
1542378107 95.01
1542378110 11.06
1542378113 51.3
1542378116 7.9
1542378119 79.25
1542378122 84.13
1542378125 73.39
1542378128 7.43
1542378131 10.69
1542378134 75.26
1542378137 46.0
